104
1831
2613
2811
2843
3754
4317
5828
6971
8232
928
3212
4675
4701
6578
6911
7460
8765
8859
9549
396
1499
1601
2058
4322
5302
6734
7863
8274
8618
576
992
1134
1536
3566
5122
6314
6414
6928
8737
1297
2832
3812
5207
5557
6605
7653
7657
8555
9604
386
545
2829
4709
5034
7550
8002
8396
8575
9687
471
2820
3008
3106
3948
6816
8662
9738
9863
9876
1337
2814
3860
4773
5611
7183
7629
8019
8647
9023
215
853
1287
1893
2538
4659
7612
7904
8747
8950
789
1045
2147
4671
5088
5159
5216
5902
7163
8675
648
2371
3410
3444
3578
4276
5424
6878
7103
9486
367
485
1571
3051
3355
4047
4211
5077
6438
7697
315
586
1682
1974
2612
4260
4840
5642
8459
9308
2977
3371
3633
3889
4337
7623
8661
9397
9405
9854
173
1232
1427
2553
3884
4528
5587
6486
7168
8139
593
1518
2086
2753
2890
5603
8314
8355
8894
9788
34
2930
4127
4402
6860
7431
7841
8141
9369
9677
1445
1623
2098
2859
3096
3383
4344
6571
7587
9486
999
1847
2723
3416
4212
5630
5955
6930
8947
9344
283
1438
3249
5382
7270
7885
8191
9415
9653
9944
329
1171
4146
5435
5949
8777
8818
9050
9195
9493
955
1315
2395
4480
5259
6858
7511
7938
8309
9998
34
1853
3459
4999
5663
7841
8329
8335
8353
8917
1047
1298
2256
4264
5039
5370
6415
7182
7231
7514
619
1541
2630
2631
3332
3989
4813
6429
7765
9428
1145
1653
2028
3706
6286
8617
8621
8667
9382
9948
3574
4059
4539
4895
5040
6488
8074
8423
9464
9622
876
3344
3677
3804
4380
5324
6016
7393
8000
8314
333
1510
1558
1627
1846
4540
5094
5211
6157
8660
906
1914
2600
3083
4149
4251
4943
5212
9210
9440
1218
1528
2509
3635
4068
4659
4764
4939
5845
6760
1969
2106
2207
3259
3391
4795
5630
6012
6998
9085
1176
1392
1479
2745
3491
3617
4358
6534
8819
9179
239
589
1168
1207
4031
5010
6258
6550
8770
9796
975
1135
2305
2950
3395
3897
5945
7308
9768
9967
451
705
1384
1481
1985
2657
2943
3483
5300
8298
827
1058
1859
2971
4005
4055
4414
7263
7492
8584
2154
2792
3467
4040
4833
5981
6218
6566
7533
7683
1803
1822
2739
5230
5274
6002
6337
6680
8041
8227
733
805
892
1278
4552
5966
6760
8815
9498
9720
608
620
1642
2899
4085
4596
5800
8564
9139
9526
125
709
2660
2711
4506
4859
5424
5881
6427
9241
659
907
2098
2402
3428
6888
7061
9383
9618
9968
2061
4765
5392
5824
7314
7910
8175
8477
8494
8532
503
3575
4102
5725
5806
5822
5914
7520
7868
8616
3507
3748
4884
6016
7522
7711
8264
8344
9171
9314
1330
1397
2994
3286
4188
4727
4866
5133
8541
9264
1187
2585
3518
4654
4907
6029
6652
6781
9217
9652
1136
2049
2534
3689
5919
6799
6977
8748
9345
9707
304
657
865
1129
1493
1876
2675
3204
6498
8640
59
668
1497
1785
3197
3292
3753
6907
8199
9223
985
2781
2906
3276
3623
4889
7072
8850
8906
9066
2220
2411
2826
3366
4247
5746
6261
7259
7894
9832
1075
1458
1544
3161
4171
5845
6180
7520
9647
9960
198
226
1813
2171
2609
3597
5043
6781
6997
7567
17
1646
2157
3248
5835
5863
6652
6748
8388
9334
1741
2310
2778
3910
6049
6162
8869
9265
9549
9955
528
669
1112
1642
4901
5445
6188
8309
8524
9681
572
2532
2662
3900
4270
5198
5271
5647
5763
8376
154
2040
4135
4433
4970
6454
7881
9112
9197
9913
1547
3973
3980
6699
7486
8605
8717
9149
9389
9546
1375
1865
2388
3986
4053
4534
5255
5670
5833
9241
1561
1592
3317
3624
4604
6354
9065
9071
9424
9971
391
2362
4145
4990
5404
5408
6810
6949
7293
9233
1100
1444
2042
3279
3624
6185
7341
7435
8507
9810
184
448
490
1024
1835
4689
5307
5686
7137
8665
1546
3041
3857
5657
6549
7204
8063
8099
9469
9740
380
1472
2206
2672
3237
3462
8385
8501
8713
8829
879
1268
2399
3154
3844
5911
6432
6840
7331
9975
803
1257
2858
3182
3684
3986
6636
6877
7651
8729
621
727
732
2907
3410
4411
8239
8534
9246
9329
57
59
923
1054
3216
5557
6285
8556
8926
9477
373
382
1353
1439
2438
3317
4225
6713
9398
9664
265
803
1313
1475
2492
3264
3412
4618
6214
6568
1709
2559
2924
3499
4918
5708
6766
8758
9111
9366
1002
1724
4073
4501
5789
7852
8221
8730
9090
9337
3185
4113
4152
5015
5080
5222
6597
6702
9290
9908
408
2709
4208
4263
6124
6233
6800
7159
9814
9868
858
953
2465
3174
4660
5672
6168
6717
6748
9143
1173
2667
5099
5213
6444
7924
8413
8761
9752
9862
1919
4046
4204
5700
6079
6209
7080
7625
8200
9032
820
1689
2518
3199
4294
5369
6207
9357
9363
9544
3073
3673
4840
6508
7420
7480
8639
8803
9260
9807
386
668
701
1391
3387
7056
7864
9340
9895
9918
1858
1933
2220
2608
7045
7585
7708
8179
9143
9333
220
728
887
2559
2901
5652
7223
8977
9420
9851
462
984
1696
3740
4293
6033
7182
8036
8384
9917
325
1431
1957
3845
5769
6071
7761
8720
8830
9972
1524
2201
2402
3256
4043
5132
5621
5627
5895
7158
41
1779
2252
5347
5705
6683
6932
7033
9215
9596
1035
1562
2582
3535
4129
6631
6961
7805
8054
9636
147
5311
5687
5870
6037
8326
8453
9636
9642
9936
491
1780
2928
3389
4115
4787
5962
6775
8553
9132
597
1879
2740
3028
3797
6103
7690
8018
8119
8505
135
1299
2129
2344
2999
6675
6818
7329
7528
9931
1323
2810
3847
3871
3999
4493
5149
5847
9031
9241
416
1537
1853
2954
5528
6054
6660
7281
7525
8258
710
3211
3407
4496
4509
4996
5361
6153
9047
9291
1443
2799
3148
3992
4264
4639
5815
6563
9628
9647
73
1345
1572
3487
3854
5765
6280
7272
7755
9764
297
589
1028
1509
3448
4756
6456
6525
8115
8377
1648
1929
2011
3916
4425
4864
6801
8143
8390
9944
343
614
1917
3167
3420
4453
6971
7512
8405
9444
397
796
1443
2590
2865
3112
5897
5985
8017
8993
742
2164
2457
2587
2833
3661
4472
6159
6766
9408
994
1251
3839
4818
6893
8379
8444
8644
9830
9896
284
1852
2171
2771
4501
4999
5020
5452
5724
9335
787
1390
3583
5299
7115
8613
8876
8997
9548
9910
446
1994
4377
5814
6833
7143
7807
8112
8264
8684
250
1090
4314
4334
6318
7521
8463
8539
8781
9056
732
2673
3333
4436
5404
6143
8480
8940
9656
9795
730
2022
3654
4187
4624
4759
6021
6871
9823
9859
452
1521
3695
4916
5595
6129
7863
8150
8696
9654
1359
2703
3876
3889
4513
4997
5360
5798
6456
8105
890
2678
2731
4665
5637
6251
8025
8912
9410
9493
1041
1648
1681
2118
3305
3497
4403
5192
6870
7779
384
523
889
1479
1821
2690
2933
6226
7973
8366
759
1345
1919
2040
2473
6547
6784
7011
7185
8688
281
1315
1379
2085
2129
4338
6601
7056
7678
7876
609
1878
1948
2603
4135
4432
5292
5549
8185
9016
245
520
591
1158
1515
2152
2526
4186
9559
9693
1174
1823
1937
3061
6208
6612
7207
7371
8060
8887
17
1912
3189
4577
4782
4877
6072
7662
7871
9391
348
1420
2114
3089
6041
8261
9052
9160
9706
9757
960
2203
3602
3660
3695
4464
5770
5945
6040
7587
736
1428
2108
6389
6704
6851
8188
8334
8956
9358
1438
1881
2756
2872
4603
7263
8311
8877
9770
9872
1602
2070
2328
3142
3384
5827
6128
8989
9143
9398
490
1086
1310
1312
2331
5559
5699
6034
8109
8729
277
840
1782
2764
4071
4339
6204
7392
9205
9983
1527
1606
2938
3505
3651
4052
4744
5943
6401
8312
879
1044
1142
2604
3704
6349
6699
7734
8737
9755
1174
2614
2763
3294
4812
5314
6691
7991
9205
9904
1205
1264
1747
3379
5312
6122
6656
8031
8438
9520
1008
1302
2757
2913
2928
4742
6988
7365
8415
8972
990
2440
3486
4080
4575
4981
5734
6457
9149
9829
147
2279
2660
4504
4725
4903
5597
8733
8871
9621
834
2286
3354
4271
5476
7060
7928
8140
8724
9651
1979
2037
3012
3439
4731
5517
6039
7733
8133
8547
441
708
2742
2856
3234
6366
6379
6699
7672
9200
2191
3515
3759
3996
5328
7263
7693
8318
8740
9964
612
1880
2293
3798
3799
4987
6161
7556
8318
9637
1618
3151
3351
5207
5628
7582
7744
8334
9398
9936
223
1076
1756
2047
2293
2490
4858
4935
5264
5900
216
403
1190
2076
3723
4706
8219
8229
8890
9335
2030
2100
2297
4039
4752
5090
7097
7955
8624
9332
1482
3916
4258
5862
6467
7689
8039
8495
8562
9908
64
199
580
2002
2693
2902
3952
7187
9660
9862
457
618
669
915
1187
2072
2833
3596
3607
7622
1334
3087
3837
4961
6323
7157
7633
7648
8233
8401
514
1246
2153
3996
4010
5404
6432
7574
8591
9190
1357
1787
2597
3841
4551
4662
6377
7476
8023
8639
829
1185
1625
2569
2806
2824
4457
5276
8077
9732
158
229
2427
2584
3844
6552
7716
7997
8546
9443
245
1396
1769
3898
4306
5818
7324
7940
8968
9887
98
1459
1489
1860
4399
5009
5740
6085
7271
8666
2194
2291
2321
2646
2905
5729
6783
8483
8726
9971
1481
1719
1843
2424
2455
4052
4570
5136
6083
7589
491
512
1342
1476
3601
4702
5017
5589
7685
8271
1198
1863
1971
4650
5025
5210
5337
7653
7658
8193
566
644
2088
3156
5377
6024
7268
9593
9799
9818
304
2509
4193
4467
4625
4630
4899
5826
6902
7375
176
1104
2116
2757
3189
5032
5385
6793
7033
9124
1535
2589
3554
4343
4987
5577
6698
7547
7799
8439
690
794
1681
1755
2835
5063
6537
8144
8806
9361
2505
2843
3107
4584
5369
6106
6295
7314
8474
9412
87
1025
1144
4287
5052
5720
5764
6562
7160
7213
1099
1139
3028
5090
6051
6797
7067
8821
8973
9420
1939
3325
3760
4879
6710
6818
7278
7385
9395
9783
564
587
660
1569
2514
4481
4695
5135
7661
9645
1860
2035
4302
4483
4896
5161
6289
6726
7985
8259
828
1783
1827
2315
5438
6194
6298
6605
6832
9153
2395
3196
4052
4114
4844
5213
5432
6345
6855
9466
67
3110
5299
7117
7782
7834
8333
8356
8384
9159
1253
3041
4253
4723
5589
5708
7965
8918
9400
9660
1387
1675
2709
3734
4345
5253
6018
7001
8797
8916
1064
1592
2038
3355
5712
6831
7282
8612
8844
8943
1530
2584
4682
5873
6992
8131
8396
8998
9188
9485
568
901
5549
6651
7018
7543
7601
7669
8005
8352
1027
1414
1932
2852
3442
5498
6106
7787
8433
8956
1508
1832
1992
2113
2643
3589
7458
7548
8769
9594
1044
1535
1824
2134
3390
5941
6760
7389
7576
9280
223
1654
1675
2694
3798
4296
7894
8414
8442
8771
508
2017
4690
4724
4726
4739
4800
6323
6971
9552
2267
2378
3194
5501
5993
6489
7772
8325
8480
8900
562
575
2718
3150
4689
4697
4751
4825
5277
7838
121
218
794
1285
1994
2658
2838
6142
6738
6997
1414
3427
5391
5459
6881
7265
7695
9279
9499
9898
428
4195
4252
5556
5673
5741
7122
8969
9294
9320
676
1918
4065
5325
5460
7674
7723
7838
8528
8838
580
3060
3189
4373
4465
6427
7330
9467
9581
9748
2355
3640
4327
7085
7218
7501
8153
8810
8989
9056
257
543
3602
5293
6324
6763
6896
7595
7873
9190
1576
1928
2010
2599
3453
4263
5497
7043
8045
8551
344
2292
2414
3488
4104
4376
6150
8017
9567
9934
328
2850
3998
4061
4368
6016
6309
6338
6674
6733
825
877
1513
1978
2437
3271
4712
6323
6592
6946
459
1086
1923
1950
2159
4440
4548
5987
6033
6120
618
1009
5613
5994
6067
6668
6926
7371
7694
8051
2330
2808
4212
4287
4401
5042
7533
7953
8335
9657
3084
4203
4558
6648
6891
6973
7794
8098
8166
8867
183
2329
3145
3606
3942
6109
6787
7087
8415
8650
778
1489
2716
3768
3853
5006
5266
5957
6655
8293
235
329
1125
1495
1765
2140
6665
6850
8976
9030
1035
1100
2821
4272
5633
8288
8290
8641
9369
9586
1297
1896
2244
2988
3219
4241
4656
5988
9034
9169
825
836
2350
2664
6412
6654
7477
7596
8114
8619
129
4023
4093
4159
5962
7251
7609
7727
8176
9038
1438
1888
2653
3662
4269
4424
4698
4887
4995
9218
1613
2890
3028
4667
5043
5348
5900
5914
8864
9288
273
622
1501
2573
4939
5692
6158
6911
7298
7818
667
2333
4256
5469
5812
6722
6910
7688
9386
9409
390
864
2191
3262
6607
6628
7167
7904
9522
9784
199
542
609
1886
4228
4543
4681
5211
6717
7104
71
2726
3809
4247
5175
5959
7028
7776
8281
8912
8
214
4029
6173
7144
7654
8162
8730
9197
9760
2517
3172
3865
4406
5521
5960
6320
7005
8118
9415
505
815
1814
4723
5093
6267
6957
8429
9463
9826
359
2154
4429
4869
5889
6273
6400
7951
8519
9797
70
840
1454
1663
3916
4700
5070
6683
7556
8478
723
853
1100
1693
3694
4863
5475
6412
7448
7489
946
4275
5396
5784
6627
7486
8421
8651
9465
9747
1887
2081
3369
4561
4620
5066
5491
6897
8499
9405
69
833
5469
5585
6266
7234
8084
9597
9645
9711
2067
2868
3501
3855
5048
5580
8331
9265
9283
9417
617
2133
3872
6444
7185
7907
8340
8532
9295
9904
1187
2003
2454
2618
2720
3920
4846
7233
9589
9720
202
818
1795
3161
3230
4181
5126
5867
7739
9120
433
1032
1268
2972
4505
5665
6127
7553
8233
8907
521
978
1493
4170
4196
5566
6224
8535
8932
9917
1133
2166
2915
3108
3391
6100
6453
8926
9690
9994
413
1552
4375
4750
5280
5478
7631
8460
8892
9561
13
93
1569
2007
2926
3013
6703
7724
8645
9494
1837
1926
2297
3180
4432
4718
5093
6337
6775
9899
1137
1264
1423
2056
3458
3590
3965
7476
8955
8989
25
37
331
1387
3047
5264
6195
7401
7683
9278
1246
2495
3421
4752
5169
5666
5889
7453
8274
8750
689
1753
2180
2224
3140
3490
7481
8502
8733
9682
1034
1411
2379
2624
3449
3898
5506
7119
8742
9471
52
1191
3309
3891
3943
4139
4322
5214
8489
9113
284
726
1652
1945
2033
3059
6300
6432
6491
9016
768
1210
2036
2218
3845
6439
6729
7049
9133
9227
1305
1394
1545
1784
2023
2648
3761
5658
7059
8323
789
2685
3999
4148
4224
4371
5335
6716
7114
9335
648
1012
2442
3517
4646
5104
5839
7164
7901
8244
991
1844
2010
2213
3032
3379
4718
7167
7590
8866
62
613
1793
1794
2229
3035
4591
5581
6245
7471
18
1789
3172
3793
6288
8110
8512
8780
8954
9224
484
1066
2226
2862
3109
3781
4879
8340
8720
9557
3504
4568
4766
4850
6102
7341
8017
8303
8713
9847
131
3019
4479
4792
4920
4921
6663
8854
9214
9759
679
812
1288
1630
2120
2840
4442
7653
9006
9716
358
507
1042
3163
5827
6987
7663
7907
9452
9559
413
456
1301
1399
5147
6604
6921
7242
7789
8146
518
563
2413
2747
7220
7430
8318
8521
8840
9599
126
2894
4884
5164
7278
9038
9417
9606
9853
9909
1303
2518
3923
4030
4978
6384
7137
7522
8623
8873
109
1830
2247
3341
5157
6473
7398
8493
8552
9950
459
1958
2814
3055
3420
3617
4711
5396
6751
7548
270
351
554
612
1425
1964
2870
3878
7095
9807
1243
2103
2472
2815
2973
3083
3287
3444
5457
7644
43
471
890
3115
3738
7483
7817
8742
9522
9654
1546
2628
3527
4157
4865
5233
7287
8067
9185
9958
241
773
2355
2803
3307
6162
6470
8794
8980
9778
76
1076
1140
1456
3602
3847
4506
4691
5859
8768
2573
3773
4964
6081
6218
6412
7212
7733
7808
9797
1325
1344
2160
2741
4086
4784
6775
8059
8766
9456
277
1709
2510
2929
3314
5156
6210
6429
8191
9170
456
2836
3481
4765
4895
5747
6299
6966
9903
9917
295
655
3985
4182
4637
5272
5843
7661
8349
9493
1660
2038
2477
3924
5185
5243
6612
6748
8192
9668
815
1023
1220
1697
2555
3556
3912
4359
6108
7027
2015
2087
2256
2519
2637
4345
5621
5668
6179
6315
327
381
1103
1754
2453
4631
5349
6127
8010
8038
71
549
857
934
3452
3488
4093
8877
9817
9822
1530
2008
3711
4549
4837
5477
6662
7422
8825
8856
440
559
2293
2357
2432
2443
6276
6419
8775
9241
1549
2560
3258
3776
6050
6715
6897
7322
8847
9511
551
948
2972
3063
4693
8843
9173
9267
9312
9951
21
900
4169
4250
5163
6840
7379
7799
7888
8564
1950
2832
4706
5186
5347
6708
6797
9485
9768
9780
508
730
848
1749
2786
5457
6872
7895
9236
9276
1702
2112
3452
3734
7394
7544
8603
8757
9272
9475
372
592
1038
1524
2361
3772
3851
5140
6337
6373
826
1952
3299
4414
5367
5678
5784
7346
8279
8805
330
1587
2598
3423
3592
4441
5134
7129
7157
9618
1937
2462
3139
4565
4586
4823
5215
5305
7094
7234
1047
2837
4930
5073
6069
6077
6098
6794
7643
9895
35
1320
1875
1943
2801
5591
9007
9650
9945
9963
95
1659
5786
6755
6802
8216
8639
8870
9119
9597
5232
5584
6201
7525
8331
8858
9002
9199
9583
9968
988
3317
3693
4900
5058
6871
7631
7708
8336
9556
455
3207
3905
4542
4958
5394
5803
6672
8537
9252
584
1934
5244
5548
6001
6198
6597
7064
8712
9906
1305
1358
2782
2854
6720
7219
8078
8512
9232
9560
1143
1738
3202
3313
3702
4224
4677
6533
8824
8981
621
1855
4964
5542
7322
7715
8312
8324
8637
9853
2141
2744
3070
4440
4732
6438
7340
7746
9506
9510
1221
1512
2936
2940
3248
3334
3658
4707
8131
8458
633
928
3571
6382
7082
7617
8579
9382
9582
9941
445
2455
3691
3719
4608
6115
8234
9107
9598
9921
1469
1774
2322
2896
3626
4490
4767
7132
7498
9450
78
574
1335
4300
6235
6865
7810
8739
9207
9992
521
662
2351
3081
3438
4797
8349
8510
9601
9788
325
2134
2343
2798
4354
4933
6004
6235
6769
8310
2743
3519
3730
3819
4432
5865
6956
7699
8265
9891
3586
4171
4866
5858
6888
7546
7670
8079
8383
8873
473
1028
1497
1810
1871
2213
4306
5028
7957
9603
43
406
866
1520
2131
4088
5139
6167
7234
8117
1021
2889
2910
3014
4499
4968
5408
6489
6566
6706
855
1455
2689
3612
4799
6929
8226
8391
8790
8798
425
1723
4558
4869
6883
7094
7710
7760
9450
9819
152
371
1184
1694
2457
3988
4015
8170
8223
8506
702
1525
6453
6665
7307
8504
8574
9360
9470
9945
311
692
2616
3696
4197
4830
5309
8411
8493
9960
1591
2396
3781
3807
4173
4769
7360
7994
8604
8965
1406
1614
2952
4260
4800
5524
5577
6414
7059
7156
543
924
3016
3855
5440
6428
6639
8471
9665
9678
820
1391
1706
4796
5897
5943
6463
8026
9200
9841
893
1361
2188
2345
2533
5685
6364
7585
9627
9838
1663
4654
5547
5711
6953
6959
7915
8539
9425
9659
2341
2750
3415
5765
5778
5986
7027
7052
9009
9406
1162
1741
3737
6290
6699
7786
8049
8167
8268
9912
1702
1779
2204
3734
4637
5384
5385
6765
7147
9603
227
1877
1918
4602
5975
6088
6803
6879
7896
9030
155
681
2131
2696
3328
7228
7429
8333
8746
9835
903
1002
2611
5128
5313
6410
7026
7514
7561
8911
917
1311
2439
4129
4340
5624
6211
6610
8356
9037
121
1044
4357
4383
5375
5600
5882
6028
6294
6308
2143
5420
6420
6855
7421
7952
8234
8796
8932
9945
3301
3429
4411
5100
5732
6678
7100
7947
9229
9509
1361
1687
1780
4549
7901
8306
8311
8850
9510
9752
971
2974
4472
4496
4694
5529
5534
6226
6761
8057
1519
1683
4019
4101
4672
4691
4977
5731
8667
9852
257
1490
3553
5221
5942
6520
7494
8123
9133
9777
507
1679
3153
3899
4479
4626
5097
5419
8270
9016
182
1949
2270
2437
3695
4800
6201
6582
7562
8029
347
1994
2767
3125
3211
4329
4838
5257
6077
9363
863
1292
1392
5361
6140
7238
7638
8546
9060
9784
288
407
1308
4670
5209
7288
7954
8381
8509
8751
178
194
373
2154
2689
5180
5222
6773
8131
8246
691
1823
4181
5669
6398
7922
8354
8974
9449
9773
1161
2745
4722
4804
5546
7854
8498
8890
8952
9492
443
482
723
1694
3341
3463
4496
5282
5423
8690
113
971
1164
1402
3226
4783
5330
5420
5515
7273
542
1542
1968
2111
2777
2909
4278
7027
8529
9903
1830
1935
3661
3792
3869
4745
5873
7310
8375
8949
507
926
1530
3076
5810
5887
5889
6030
7432
7468
646
3030
3279
4981
5144
5287
5460
5518
9243
9786
871
1672
2884
4352
4378
5973
6072
6770
7960
9196
295
2012
2930
3916
5123
5430
5670
7098
8499
8570
1683
2524
2598
3428
4553
5527
6433
8010
8795
8815
1548
1718
2253
2937
3122
3570
4212
5305
7883
8057
1300
2302
3919
5692
5774
6427
6724
7127
7651
9175
635
2332
2485
3688
4125
5698
6564
6662
7812
9423
2266
3210
3483
5146
5198
7071
8021
8993
9437
9571
1596
1688
1837
2466
2652
2737
3382
7120
9755
9985
2278
2733
3496
3626
4442
4509
4870
5340
7309
8023
809
1234
1396
1939
2620
3189
3668
4765
8712
8869
1720
2084
3342
4624
5482
5640
6728
7719
8169
9167
515
1047
1923
2652
3976
6572
6671
8469
9774
9859
1421
1607
1644
2088
2753
3777
5186
5202
6312
9065
576
896
1560
1840
2041
2294
3158
3754
4013
9166
1180
1566
5265
5523
5867
5949
6615
6790
9177
9516
480
964
1331
2281
3092
3963
4081
5482
6825
7036
1725
2875
3229
4398
4700
4776
4911
7634
8453
9437
1610
1773
2731
3233
3758
6529
6624
7069
7181
8189
127
551
1922
1954
2626
6139
6227
8309
9016
9534
444
2234
3692
4026
5560
6102
6114
7641
8826
9270
42
848
966
1824
4409
4694
4831
6376
7789
9608
1121
1413
2365
3005
3854
4097
5290
6756
6894
7028
1128
1209
1583
2345
2361
2421
2501
5170
8992
9833
692
1267
2237
2837
4642
5705
5930
6850
7566
8118
2004
2455
2792
2971
3152
3624
5060
7057
9251
9800
67
1047
1136
3082
3497
4019
4784
4858
8364
9793
204
670
1691
2950
3071
3943
4620
4914
5244
8823
1985
2572
5372
5867
6001
7459
7587
8227
8953
9431
260
702
1871
1940
5791
6054
6580
7832
7964
9410
573
2730
3754
3790
4295
6220
7549
7573
8356
9946
3222
3460
4298
5036
5878
6141
6935
7703
8429
9874
171
934
2175
3382
4738
4868
7598
8139
9198
9259
563
889
2037
2058
3794
4608
5038
5486
7708
9156
1431
1976
3254
3324
5576
6375
6715
7471
8894
9920
1261
1326
3054
3448
3746
3955
5069
9212
9393
9459
402
1442
2480
2780
3781
4809
5416
7240
8305
9925
832
2331
3450
3967
4318
4577
6312
7621
9263
9520
15
553
1016
3847
4106
4956
5585
6092
6566
9229
685
3330
4358
4564
5147
5355
6320
7022
7356
9861
94
1370
2675
4089
5219
6315
7721
7998
9185
9590
2049
2956
3275
3819
7235
8173
8215
8606
9276
9990
40
683
1246
2965
3600
5697
6103
7909
8999
9686
248
592
2007
2362
4287
4820
6876
7382
8517
9653
1276
1722
2033
4800
6410
7072
7192
7492
8408
8650
1001
2544
2887
4236
4591
4756
5847
6285
8077
9929
66
2555
2597
2677
4531
5038
5756
7117
7138
7740
3079
3548
4247
5291
5672
6650
6797
6845
7737
8857
588
1025
1852
1853
2904
7440
7730
7831
8739
9034
2125
3054
4008
4205
4407
6130
7264
7434
9914
9962
118
1521
2025
2736
3362
4456
4945
5613
8845
9682
25
2116
4265
4266
4662
6469
7361
9251
9752
9785
205
639
878
3403
4251
4277
5960
6752
7881
8691
107
270
911
1636
4433
4940
5638
6052
7223
7501
21
797
921
2070
2411
2485
2858
4978
7619
8921
406
1134
1462
2119
2615
4316
4958
5510
6180
7137
1920
3317
3519
3826
5502
6120
6878
7547
9796
9990
631
851
1286
1445
1558
3188
3686
4620
7312
7510
700
2965
3232
3559
5291
6014
7085
8099
9554
9762
1568
3020
3308
3731
4824
5418
5666
5683
6596
8675
503
2321
3550
4347
4878
6680
7495
7926
9409
9668
247
281
704
1938
2731
3751
4412
6154
6400
9305
985
1304
1460
2809
3161
3258
3414
3493
3509
8440
186
374
3115
3790
4629
4850
5493
6454
9724
9898
1201
1980
2045
5747
5840
6917
7156
7974
8070
8942
606
1717
1772
2301
2663
3025
6882
7204
7220
8860
472
1331
1420
2349
2432
2620
2752
4168
5231
8204
443
835
2312
3410
3912
6321
6482
6877
8576
9849
388
916
1411
3109
5644
7154
8934
9080
9140
9941
178
754
1959
2807
3132
7043
8777
8781
8957
9133
917
1042
1314
1832
2497
2758
4165
7156
9110
9278
472
1162
1639
3019
5269
6550
6824
7993
9437
9582
1084
3040
4049
4291
4300
7096
7517
7614
9031
9569
3778
3871
5319
6862
7287
7369
7689
8587
8969
9774
669
923
2226
2444
2623
3139
4605
5203
8236
8694
598
1160
2195
3445
4342
5247
5319
6432
8893
9110
17
1010
2428
2533
3817
4314
5371
5454
6745
7263
19
4508
4962
6272
7968
8071
8235
8556
9539
9803
213
610
1752
1918
2267
4367
7026
8516
9040
9191
131
219
850
997
2034
2163
2219
2448
4820
8481
32
1158
1485
1993
2719
3642
4500
5598
8001
9836
495
2761
3839
4738
5763
6733
7049
7082
7738
9772
273
1173
1451
1494
2501
3745
5248
6979
7598
8817
1405
2564
5745
5933
6047
8161
8794
9055
9161
9303
1653
1711
2134
2145
2509
2554
6475
8436
8830
9752
46
1332
2721
3232
4719
6171
7945
8052
9348
9438
360
2964
3993
5349
6443
6581
6910
7188
7329
8962
339
451
498
554
1271
4087
9105
9447
9693
9706
131
212
447
1309
1452
1972
2597
2823
5022
8555
54
1753
2708
3878
4157
4858
4929
6942
8068
8205
1381
3385
3680
5317
6881
7102
7477
7649
8438
8528
1155
1986
2235
2494
3914
4109
5994
6209
7174
9030
955
1447
2829
4234
6626
6632
6747
7437
8036
8976
598
602
2055
3693
3843
4757
5288
5576
6538
9428
2606
3802
4202
4800
6277
6329
7178
7757
8503
9534
541
551
1929
3175
5533
5634
6407
7615
7947
9979
306
1795
2420
3467
3708
4902
5202
5259
5759
8651
2753
3641
3751
5021
6435
7354
8135
8375
9278
9986
1913
2956
3490
4357
4764
5391
5498
6006
6679
7515
654
1994
2685
3964
6997
7366
8760
9406
9933
9974
59
275
1292
1678
2309
2968
4011
5097
8853
9877
2015
2027
3373
3611
4819
5768
5780
8164
8237
8843
1518
3447
3870
4760
4889
6076
6564
6971
7278
9511
451
514
3102
3894
6304
6806
6808
6853
7137
8770
675
1345
1519
1813
3051
4417
4423
5567
6597
7022
1588
2010
2247
3388
5455
5882
6107
7490
7881
9314
2116
2538
3070
3187
5609
5634
5680
5789
8713
9550
408
688
1884
1920
1934
6357
7124
7463
8969
9154
2538
2913
3321
4467
5632
6174
8569
8786
8857
9569
592
1545
2466
3617
6726
7218
7272
7520
8508
9009
199
927
1171
2021
4048
4303
4643
6856
7242
9521
101
1025
1635
2239
3852
4356
4416
7848
9524
9801
778
1683
2112
3034
3796
6957
7010
7440
8092
8681
192
237
2420
3490
3499
5852
6691
6785
9234
9380
338
2053
2189
2785
3138
7909
8086
9403
9916
9976
77
1189
1222
3219
3344
4363
5897
6269
7279
8978
1046
1392
1468
3744
4090
4222
4882
6452
6699
7430
870
1738
2329
3926
4576
5849
7434
8256
8343
9429
278
341
796
3682
6395
6396
6700
8087
8597
9732
459
2098
4042
4645
4973
6244
7244
8776
9546
9777
125
2420
3806
4396
4881
7038
8229
8502
8512
8613
944
1313
2684
3119
3900
3912
7213
7371
8204
8915
538
1113
2289
2844
3669
5683
6417
7044
7439
7956
77
933
1079
1524
1871
4335
5374
5831
6459
9216
49
103
321
675
1204
2934
3140
5785
8119
8327
2838
3307
3619
4748
5798
6423
6645
7529
8131
9264
2717
3238
3421
3742
4213
4958
5691
7482
7634
7682
956
1492
2974
3270
4856
5112
6088
6738
7797
8547
202
3276
4406
4455
7222
7672
8618
8771
8794
9502
211
1528
1626
3317
4949
5176
6056
7379
9117
9731
653
1221
2897
2949
3310
3677
5685
6591
6751
9700
800
1565
2928
4592
5047
6514
7046
8100
8642
9565
974
1994
3262
3310
3724
4195
4307
4463
5160
5404
36
534
810
1015
1706
3653
3957
5814
6289
7436
1097
1345
1656
2763
2848
6186
6836
7930
8724
9147
481
516
1344
1704
3592
5519
6104
6406
7902
8722
3330
3728
5034
6161
6715
7939
8145
8832
9843
9980
269
1094
1763
2252
3559
4390
5715
5729
8327
9796
392
1233
2947
5639
5685
5916
6247
6395
7484
8684
1933
2041
3546
4856
5900
6640
6642
6971
7098
7365
468
1059
1104
1953
2263
3390
3417
3456
4923
5338
3215
3656
4218
5765
6218
7840
8380
8390
8482
9216
183
4862
5095
5405
5526
5554
5937
9030
9138
9940
847
886
2087
2547
3582
5113
5251
5345
5971
7788
1458
3051
3307
3321
3406
4689
5133
5437
9442
9977
3021
3217
3931
4256
4575
5675
6313
6387
7228
7688
866
1113
1231
1269
2811
4079
4606
5780
6872
8704
330
2730
3552
7517
7773
7828
8233
8325
8367
9388
116
2013
2637
2931
2946
6631
7900
9297
9508
9726
1713
5239
5787
5940
6144
7273
7604
7834
7953
8251
558
797
1489
1491
3144
4234
6650
8192
8264
9955
15
1635
1687
2230
2608
2613
5701
6036
6539
7852
