1491
2238
3379
4509
4760
5850
6692
7593
9415
9853
541
987
1831
2273
7932
8429
8601
9112
9172
9267
1487
1509
2479
2967
3714
3919
4368
4589
6330
8765
1576
2463
4496
5223
5296
7109
7120
8046
8189
8811
3640
4331
5045
6647
7147
7918
8207
8212
8680
9505
502
962
1020
1207
2123
3041
3287
4934
7371
7803
1112
4480
4680
5089
6131
8609
8618
8826
9023
9982
3121
3179
3928
3965
6372
6791
7767
7900
9135
9579
1201
2797
4057
4845
6751
7435
8178
8313
9039
9970
664
902
1204
1895
2690
4619
5170
5422
6130
9610
732
1079
2206
2526
5021
5335
5863
7189
9062
9824
2154
2344
4314
5149
6410
7412
8283
9167
9265
9748
213
235
845
1699
2179
2290
4327
4414
6912
7294
2368
2680
4000
4057
5127
6244
6597
6859
8851
9844
1296
1774
2352
3789
4013
5569
6054
6467
6597
9615
991
3203
4544
4589
4916
5800
6028
7419
8355
8977
619
773
3429
4203
5156
5229
6345
6464
6570
6634
461
680
1838
3306
4052
5321
5888
8806
9051
9816
11
84
1521
2923
5425
6186
7149
7642
7936
8080
1395
2491
3900
6076
6550
6569
6886
8496
8601
9805
492
687
996
3217
4034
4367
5852
6322
8769
9901
78
419
989
1439
2175
4941
5333
6667
7200
8099
342
420
602
1417
1986
4667
5015
5125
9520
9853
564
1293
2173
2446
2991
3076
4748
5813
7737
7814
895
1368
2379
2684
5469
6231
6493
6559
8135
8425
609
1025
1436
1653
5112
5393
5453
7540
9217
9298
872
1012
1479
3511
3709
4304
5608
5621
6151
7313
1292
1652
2167
2314
2776
4889
6593
8028
8665
9006
2099
2988
4278
4997
5675
7293
8578
8709
9223
9385
1949
2797
3330
3362
4171
5665
7711
8632
8667
9840
887
1698
2256
2756
2898
4009
4840
5744
6024
6189
139
529
1830
2159
2345
2509
4014
4215
5431
6040
1498
2190
3323
5247
5571
5571
6157
6505
9530
9693
1921
2097
2690
3093
3210
5155
5566
6223
6230
9831
171
2580
3061
3261
5529
5753
5802
6089
8397
9277
627
695
1135
1976
2854
3196
4277
6438
7979
9857
1719
3946
4482
5046
5096
5662
6171
6863
7599
9355
1354
3301
3576
3584
3640
4225
6038
6267
8500
9619
348
4206
5813
6153
7937
8319
8427
8807
9337
9698
1032
1811
2365
2479
2988
6697
6788
7748
7863
8073
464
858
2407
3137
3723
6655
6690
7602
8677
9821
43
2363
2885
3813
5042
5488
5774
6060
7459
9113
417
1063
1272
1545
3470
3648
5153
6568
6580
8024
251
966
3366
3743
4113
4382
4682
5046
5215
8305
2486
3449
3560
3652
4491
6020
6225
7551
8842
9122
1482
1736
3283
4090
6180
6795
7410
8663
8890
9641
1838
3022
3116
3611
5223
5898
5916
6488
7326
9810
2960
4085
4276
5636
5907
6482
6487
6810
8163
9053
25
791
3004
3287
6271
6409
8247
8402
8639
9939
1126
1814
3443
4350
5039
5588
5818
6940
7290
7428
756
833
2973
3646
3912
4491
4515
6290
7387
9317
5
174
4078
5345
5668
6381
8650
8807
9375
9823
320
525
870
2852
3157
3541
4165
4333
5404
6984
148
1509
3605
4205
5061
5320
6023
7056
7787
8448
3549
3772
4254
6051
6504
6654
7828
7877
9713
9922
1130
2746
3543
3738
6345
7061
7653
8107
8353
9658
701
771
1607
2545
3873
5112
6122
8071
8711
9497
6
2619
3524
5565
5581
5687
5857
6536
8281
8417
2394
3828
4193
5596
8246
8757
8787
8984
9214
9551
199
420
504
3735
4373
4436
5435
7140
8466
9330
1731
4040
4245
4308
6279
6464
7017
8296
8763
9434
174
1714
1784
2368
2625
2841
2913
3674
5854
7128
46
587
3347
3442
4124
5330
6480
6606
8034
9718
2962
2973
3230
6395
7126
7279
7463
7994
9738
9922
4719
5253
5666
5772
7168
7332
7367
8589
9954
9992
960
968
1858
4033
4246
4339
7132
7247
8273
8976
768
3417
3563
3566
3611
3987
4232
5472
5596
6000
103
3553
6776
7213
7574
7929
7960
8211
9340
9738
626
1756
2237
3446
4543
5613
7756
9091
9279
9326
1089
1771
2270
3239
3534
3899
5953
7427
8587
8944
45
1116
1159
3747
4400
5892
6629
6630
8492
9575
291
723
3176
3870
4671
5207
8929
8938
9381
9921
1717
2112
4782
5411
5799
6576
7006
7196
9300
9477
1484
2221
2825
3335
4333
6174
7353
8030
9394
9863
198
627
827
1548
2762
3203
3381
3815
6025
8625
192
1715
1906
3266
3604
4498
6160
7365
7478
7730
1719
2313
2421
5069
6296
7236
7806
9172
9179
9900
414
567
3101
3405
3414
4893
5286
5339
7014
9212
320
755
2837
3586
3631
4253
4782
5521
5655
6965
1553
2833
3060
3092
3910
4140
6718
7068
8629
9750
1698
2389
2720
3879
4748
4955
5323
6329
8820
9842
1516
1527
2036
2166
2346
3449
3604
5411
8210
8317
1097
1688
2606
3091
4526
4548
7178
8096
9859
9891
653
2147
2486
3209
3748
4242
5061
6407
7949
9111
747
1131
3098
3173
3502
5269
6649
8558
9220
9825
2168
2919
4036
4982
5310
5458
5899
6596
9341
9786
130
2651
3234
3786
4074
4551
7881
7891
8449
8913
971
1112
4076
5348
5624
6666
7652
7672
9638
9780
304
340
896
935
1235
4730
6729
6808
8636
9974
3030
3393
4730
4936
5195
6364
7965
8726
9195
9351
539
2524
3525
3584
5733
6054
7707
7900
8846
9427
417
796
3744
4524
5716
6284
6858
8579
8719
9239
23
1237
2583
4915
5084
5094
6111
6741
7224
9367
1848
3443
5205
6052
6825
7123
7136
7267
7427
7513
398
2862
3607
4327
5158
6472
6573
6946
8033
9853
781
1515
1820
2224
3017
3627
4192
4507
5191
9904
600
1946
2023
6269
8703
9046
9103
9151
9577
9656
47
1255
2549
3144
3176
3490
4004
5061
7378
7631
532
674
1336
2085
2788
3183
3582
7813
7859
9486
325
715
822
1458
2798
4691
4905
6149
6333
9020
1884
2533
4124
5311
7642
7976
8319
9625
9629
9852
119
1996
2812
3497
3700
3749
4542
5931
6192
7427
1031
1462
1692
2202
2848
3044
5534
6660
7071
7747
662
2093
5205
5594
5748
6440
6585
7111
8255
8727
300
1184
3957
4158
4197
5155
5596
7363
8100
8103
330
889
1049
2030
4359
5930
7849
8043
9185
9855
266
724
2307
3639
4674
5007
5793
6399
6483
9379
1594
1934
2156
3201
4693
4997
5786
6000
7008
8182
632
2394
3180
4434
4642
6596
7562
8669
9818
9955
663
821
1125
2667
3219
4737
4926
5245
6199
9008
285
578
1677
1764
2583
4494
4554
8896
9410
9930
852
1469
1544
1550
1587
2469
4274
5700
8972
9938
1137
1465
2578
3048
3860
4284
5149
5572
6965
9893
828
900
1054
3271
5221
5450
6242
7870
8836
9091
840
1442
3569
3812
5656
5732
7097
7665
8446
8946
53
506
1193
1631
3175
4282
7894
8386
9028
9576
43
158
544
1123
1865
3584
4094
4282
5747
6452
1589
1625
2969
7077
8281
8570
8671
8767
9055
9560
472
581
1811
3056
3580
5510
5968
8106
8479
8810
473
1845
2921
3873
4784
5006
6561
7525
8799
9571
993
1210
2947
4689
5841
6708
7436
7692
8514
8920
804
1196
1885
2801
3372
4073
6738
7101
9139
9183
581
893
3296
3494
6026
6359
7132
7870
8753
9695
1364
2048
3808
4257
4899
6534
7004
8206
9450
9855
1403
2752
3820
3879
4870
5769
7800
7856
7943
9019
1140
1806
2921
6067
6190
6775
6923
7390
7415
8937
8
1525
2150
2485
4037
5458
7566
7855
8118
9605
589
722
1577
2711
4823
5511
6263
6863
8924
9071
291
508
1289
1725
1999
2674
3244
3856
4370
8748
1217
1422
1888
2632
3613
4193
4840
8287
8606
9233
273
2948
4718
4882
6006
6453
6627
8928
9116
9799
1551
3242
3376
3766
4038
5116
5825
8995
9174
9308
1505
1520
1600
2687
3495
6119
6828
6988
7244
8407
157
2686
4139
4289
4350
5233
7092
7247
8808
9285
688
870
1409
2245
2260
4100
4545
7938
8267
9794
475
2094
3420
3804
4234
4546
6862
7718
8179
9863
345
651
2037
2292
3041
3078
3639
4128
5797
9558
243
521
1332
4379
4889
5052
5986
6738
8005
9398
226
1252
1631
2539
2764
4434
4864
4900
5263
7196
893
1410
1906
2913
4535
5778
6934
7050
7683
7690
2004
2137
3917
4449
4983
5540
6569
6607
7605
8592
1042
2061
2130
3228
4758
5145
5320
5881
7396
7889
244
2526
3457
3561
4294
4706
5487
5543
8652
8723
2227
3333
3596
4031
4389
5423
6059
8543
9007
9931
134
729
1064
1345
1535
2817
6820
7900
8394
9311
1470
1484
2303
2426
2788
3490
5204
5896
7823
8865
374
1616
2327
3361
3799
3909
3930
5222
7783
9592
155
3027
3273
3381
5164
6195
7149
7409
9399
9478
851
1611
2774
3314
4008
5151
5250
6204
7003
7940
1102
1713
2931
3172
4199
4250
6545
7606
8005
8763
6
969
1734
4263
4504
7061
7253
7372
7649
8923
1168
4964
5685
5731
6287
6713
8813
9133
9189
9649
133
946
2333
3522
3567
3963
4223
4369
7960
9516
373
711
1640
3359
5276
5596
6255
7469
9197
9937
521
2345
2433
2488
3153
4553
4646
5346
7735
8421
408
3162
4930
5287
5378
7351
7640
8914
9099
9285
102
1905
2205
2900
3131
3156
6160
7378
8502
9482
1103
1721
2882
3083
3132
4310
5223
5260
8752
9063
500
2006
2323
3675
5082
6100
6245
7374
8841
9323
151
803
2651
3092
4857
5262
7873
8838
9113
9236
1542
1741
1783
3726
3758
4888
6703
7169
7298
8411
706
1561
2822
4510
5149
6320
7599
8094
8509
8672
722
1552
3116
4130
4313
4612
6030
6227
6977
9634
785
876
4329
4472
5244
5625
5960
6354
7225
9519
277
335
2753
3910
4425
4708
4898
6395
6399
8354
763
5467
6701
6925
7890
7938
7998
8363
8828
9733
1062
1699
4966
4989
7196
9404
9568
9598
9680
9965
22
237
990
1903
3252
4988
5097
5696
6317
6411
1700
1866
3328
3574
6829
7340
7582
7962
8710
8802
582
2207
5556
6232
6489
8143
8154
8466
8486
9223
1080
1192
4255
5095
6438
7175
8319
8785
9031
9110
1898
1903
2255
2596
4180
4264
4775
5524
8166
9947
497
2716
2817
4126
4412
5687
6138
6587
6990
7434
1757
2077
2917
3922
5326
5571
6346
7833
7904
9808
688
1088
1269
1588
1598
1621
5210
5442
5977
8535
1652
2986
2986
4425
5436
6871
7706
7977
8815
9132
3097
4114
4539
5907
6431
7200
7423
7603
8277
8518
628
2436
3453
3750
4778
5815
7315
8194
9163
9651
1945
3718
4040
4613
5199
6251
6672
7063
8247
9739
2248
3742
4163
4185
5523
5710
6275
9086
9536
9791
321
1814
2468
4505
5405
6244
6271
6646
6746
8235
1546
2058
2601
3204
4067
6820
7400
7435
7828
7883
887
1108
1648
1832
4516
4517
6058
8416
8774
9601
305
872
1459
2515
4219
6891
7048
7297
9414
9611
399
1535
4602
4889
5624
6620
6732
7430
8057
8870
451
2342
2807
4079
5332
5957
5963
6480
6842
9739
50
299
2695
2855
5788
6684
7311
8137
8733
8927
1354
2323
2440
2553
3604
5670
5747
6458
7592
9950
857
1776
2469
4591
5779
6313
6899
7134
7555
9470
453
1451
1892
5765
5859
6309
6351
7815
8909
9120
380
1985
2808
3631
5245
5545
7043
8241
9670
9890
1472
2110
2180
2230
2570
5783
7200
7586
8150
8830
1455
1634
2685
4390
5362
5523
5786
6173
7412
7925
83
1097
1262
1782
3313
6327
7185
8672
9139
9687
1022
2089
2486
3186
5657
5739
8245
9217
9301
9747
168
2542
3797
4446
4645
6289
6342
6455
7577
9820
822
2929
3043
3900
4187
8358
8532
8795
9596
9684
122
1085
1103
1491
5285
5457
5718
5843
6412
8969
215
1566
1766
1809
1902
2239
2945
5302
6951
8567
739
2492
3242
3432
3506
6911
7059
8438
8640
8721
1732
3148
4593
5645
5873
6175
7617
8243
9098
9692
106
1800
2208
3051
5391
6167
6757
7445
8061
8893
626
2667
4375
5037
5177
5382
6158
8235
8629
8966
184
282
1489
2093
2553
3141
4316
6501
7096
9436
625
2129
3159
4355
4650
5326
5971
6364
7079
8751
1096
1150
1187
4656
5575
6884
7385
7783
7967
8568
582
608
1452
3167
3452
3661
6959
7523
8809
9765
835
1875
2997
3042
3196
4121
6341
7286
7970
9886
4391
4575
4872
5156
5249
7306
7358
8731
8879
8983
954
5207
6023
6567
7046
7538
9375
9581
9635
9640
1326
1502
3751
4514
5451
5988
6267
6406
6570
9498
269
690
963
1744
1963
2274
3125
5091
5357
7342
324
3244
4212
4537
4633
4773
5524
6660
9677
9785
1636
2877
3173
3283
4231
6635
7479
7738
7777
8330
1511
2234
2859
3960
4104
4363
5136
5200
9300
9690
1082
1503
1744
2153
3069
3460
3676
7327
8272
9563
1608
2987
3109
4668
5850
7358
7919
8160
8663
8709
591
1762
1849
2570
2742
4884
6560
6677
7020
7312
307
465
1722
1809
5136
8064
8090
8185
8927
9301
149
1139
1808
1905
2180
2477
3186
4996
8573
9807
271
665
812
1459
2226
2743
3871
7196
8769
9766
2209
4128
5047
5547
7304
8791
9021
9330
9557
9574
152
698
1435
2229
4384
5560
5645
5839
7967
9566
212
805
979
2786
3269
4849
5420
6531
9184
9991
1829
1962
3507
4569
5518
7954
8137
8413
9663
9673
448
489
601
3254
3701
4738
6146
6688
9548
9733
253
3025
4447
5334
6281
6920
8161
8441
8552
9086
103
572
1870
2497
3885
7432
7473
7773
7928
8213
1112
1842
2024
4302
4374
4582
5156
7612
7688
9638
617
1091
1219
1327
2530
2658
2872
5048
6107
6240
1342
1848
2184
2963
3593
6015
6093
7712
8332
9867
275
686
1164
1254
2035
4065
4273
5140
8737
9052
285
1315
1425
2651
3361
4258
7702
9364
9652
9946
27
382
4214
4437
4909
6323
8082
8099
8199
8240
597
1684
3725
6406
6603
6964
7771
8840
9401
9845
2829
3971
4136
4712
5803
6232
6821
7582
7681
7773
137
199
2098
2604
3118
3935
6540
8004
9218
9325
531
2474
3161
4729
7549
8318
8336
8353
8509
8700
994
2394
3943
4559
5006
5229
5473
8183
8254
9230
1467
3003
3223
3278
3756
7293
7546
7716
8428
9486
243
251
5304
5599
6036
7108
8344
8595
8922
9843
1042
3583
3609
5969
6246
6514
6584
7087
9299
9635
438
2853
3679
3802
5300
6263
7162
7391
8274
9564
1845
1907
4046
4329
4981
5652
6207
6944
8754
9789
448
1899
2739
3214
4309
5987
6989
7191
7904
9918
265
1525
1684
2722
4120
4374
5505
6960
7735
7760
2249
2297
2836
2961
3074
4709
5224
7866
7912
8408
1611
3857
4809
6568
6872
7071
8614
8703
9170
9247
857
1894
3704
4178
5631
7267
8004
8233
8881
9542
2683
3484
4197
4320
4364
4841
4873
6686
7585
9521
704
928
1117
1249
3819
3859
5149
5583
9042
9468
1831
3174
3666
4179
4769
5286
5861
7238
9142
9380
45
686
3097
3633
4328
5056
7196
8099
8281
9991
225
832
926
1044
1982
3366
5168
6729
8095
8950
1367
1511
2263
3505
3940
5211
6350
8645
9297
9816
112
1065
1990
2966
3497
4895
6078
8683
8759
9886
900
1412
1549
2306
2485
3235
5212
6045
6984
8509
1948
3074
3344
4341
5621
5796
9384
9601
9623
9802
1825
2322
2455
3082
5062
6269
6636
8380
8928
9610
16
262
629
1227
3593
6485
6661
7087
7193
8054
484
643
1393
2182
3630
5394
7879
8233
8761
9976
1155
1200
1820
4382
5738
6915
6967
7584
8811
8997
1043
1229
2849
3570
3591
4637
7499
7878
7994
9793
1608
1816
4469
4802
5401
6277
6301
7072
7582
8265
1606
1738
2203
3214
5943
6418
6626
8053
8440
9173
48
645
2135
2189
3303
4323
6854
7672
9075
9256
285
560
2414
2481
4469
5119
5579
7882
8184
9977
716
1475
1688
2300
2609
3518
7720
8290
8579
8841
215
675
2883
2947
6058
6431
7126
7875
8053
8883
337
2145
2223
2455
2756
3613
3703
3939
4951
5783
543
3883
4199
4613
7118
7217
7274
7279
7446
9493
154
1903
1984
2042
3003
3090
7144
7514
7889
9225
935
1871
2365
2565
4288
4536
5925
5927
7649
8997
305
447
496
1052
3843
4613
6069
7744
7754
9392
273
1314
1470
2302
2416
3742
5240
5382
7191
7889
237
593
1572
3876
6623
7694
8165
8565
9302
9608
74
1092
1120
1567
2319
2700
4401
6185
9349
9646
108
168
1121
1470
3334
3453
5439
7256
8167
8188
2177
3850
4205
5554
5675
6101
6731
7656
8016
9566
721
1671
2829
3421
5260
5668
6141
7346
7980
9166
702
824
1156
1845
2961
5483
5666
6752
8000
9373
847
2110
3095
3854
6709
7055
7226
7344
9360
9640
2745
3598
5677
6081
6450
7276
7545
8580
8804
8966
386
1183
2565
4106
4136
4286
4962
5553
5886
8221
112
145
338
510
3770
5250
5269
6366
8310
8816
341
2083
2116
4389
5657
5755
5887
8137
9467
9549
3291
3581
6428
6907
7021
7909
8527
8588
9008
9881
2714
2804
2893
3075
3932
4306
5439
6219
6311
9907
1021
1169
1241
2277
2355
4985
7053
8049
8925
9664
1153
2037
3950
4099
4154
5582
6431
7508
8597
9093
1141
1772
1938
2759
2880
3281
3502
3505
6659
7222
1161
1394
2584
3257
3510
3877
4238
5587
6755
8100
2073
2925
3803
4430
4832
5164
7665
7886
9439
9871
1499
1780
3352
3653
5229
5911
6603
7810
8845
9229
405
1677
2528
2988
3808
4406
5445
6393
8905
9904
310
918
974
2509
3309
5216
7179
8265
8792
9661
446
790
1860
2295
3586
5034
5159
6684
7328
8011
955
1057
1368
2474
2698
2916
4485
5893
7078
7742
90
1628
2990
4204
4261
6602
7077
8079
8365
8546
249
1478
2045
3562
4328
4749
6745
7286
9240
9808
985
3033
3627
3672
3796
5513
6785
7507
9416
9618
824
2512
2520
3815
4141
4169
4728
4770
5858
8389
559
1934
2145
2713
2807
4019
4121
5159
6398
7813
1334
2505
2575
7534
8358
8419
8451
9252
9497
9643
192
237
246
1236
2145
2931
5109
5819
8844
9612
226
357
1249
1846
3123
4523
7118
7351
7969
9385
1980
3483
5897
7596
8152
8162
8205
8343
8997
9270
54
746
3285
3684
4332
5485
7793
7983
8103
9787
373
1756
1983
5023
6254
7489
7961
9713
9804
9893
1186
1320
2409
3262
4648
5406
6295
7346
8983
9087
1932
2166
2797
5075
5243
5877
7885
8087
8466
8852
1806
2533
2878
4549
4739
6035
7989
8195
9352
9444
8
1996
2159
3591
6226
7817
8383
8843
9104
9464
25
407
566
771
919
936
4367
7940
9187
9912
2324
3400
4504
5590
6012
6238
6379
6954
8568
9809
3108
3526
4763
5975
6442
7891
8609
8628
9472
9520
2944
5385
5689
5754
5985
6790
7680
8271
9407
9782
1188
1509
2793
4992
5569
7088
7807
8073
8340
8485
95
1974
2404
2465
4017
4655
5424
6613
8281
8899
168
550
2399
2516
3085
6049
8008
8210
8430
9741
836
1328
2909
3125
3271
3884
4133
7575
7994
8318
1236
1734
2628
3288
3469
3918
5727
6029
6157
6539
491
1861
1906
1986
2084
2417
5400
5969
7593
9971
1709
2151
3291
3892
4004
5173
8519
8822
8953
9799
1806
1903
3481
3623
3634
5154
7587
8344
8711
9921
911
1839
3326
3434
3470
4159
6126
6829
9728
9855
49
126
1686
2126
3262
3409
4550
5175
5511
8351
1631
1961
2073
3181
3513
5087
5882
6261
6362
9301
482
2244
3837
4682
4808
7125
7359
7944
9120
9279
1884
1914
3200
3893
4949
6718
6764
6778
8329
9311
546
1015
1321
2198
2888
3358
4699
5354
8066
8895
303
1552
2216
2411
2548
3306
3597
5346
7065
9203
249
3442
3742
4320
5382
6804
7283
8529
9702
9995
497
908
1705
4313
4752
5323
6766
7808
8502
9154
1109
1138
3617
4172
4203
5143
5716
6011
6804
6875
540
2490
2644
3419
4575
5189
6117
8283
9197
9298
191
351
1269
2394
3523
3693
4446
5764
6388
7361
2268
3218
3327
3518
3621
6555
7059
8340
8500
9232
450
864
1756
2003
2133
3625
4013
5396
7269
7846
23
688
3697
4835
5885
6152
6911
7306
7497
9292
556
811
1115
1618
2695
3367
3510
5504
5999
6998
180
420
1199
2986
3487
4292
4540
5592
6032
7257
21
850
1765
5403
7670
7793
8255
8263
9136
9932
91
1076
2596
4759
4770
4974
5740
6454
6475
8383
1220
1428
2351
2421
2664
3725
4841
4856
7298
8851
859
4246
5452
8176
8223
8232
8421
8618
8733
9769
1117
3547
4103
4578
5277
5496
6304
8269
8608
8905
655
1494
2655
3484
4637
4702
4887
6108
6689
9163
731
2617
3252
4441
6728
7950
8301
8533
9392
9585
348
744
1225
1311
4383
5113
6302
6381
7783
8674
1025
2324
2894
3703
4216
5444
5582
9445
9495
9569
762
3380
3523
3643
3792
4785
4857
5755
7055
7901
472
478
1749
2100
3300
3547
7054
7411
8322
8729
101
2443
5487
6276
7556
7610
8018
8375
8749
9818
1448
2307
2458
4106
4116
4977
8198
9036
9257
9822
499
1207
2514
5339
5393
5979
8020
8292
8686
9644
1472
1621
2831
5168
6791
7209
7223
7784
9012
9324
660
3479
3772
5375
7352
8044
8511
9280
9513
9994
338
965
1448
1523
2056
3305
5303
6260
6345
7339
1085
2081
3142
3523
6149
6447
8457
9188
9396
9794
930
1622
1823
2529
3422
3500
5786
7596
8181
8222
873
2365
2486
3555
4311
5571
8020
8871
8984
9589
1627
2270
3585
4350
4432
5114
7190
7711
8322
9087
257
307
3209
3480
3513
4301
6700
7463
8939
9503
623
1599
2558
4088
6093
6779
7446
7466
7547
9919
1293
1893
1932
4421
4505
5395
6943
7031
8378
8903
1002
1609
2758
3159
3608
4341
8635
8808
9311
9431
582
3519
3654
5074
5182
5215
5404
6881
8796
9647
692
5136
5471
5814
6035
6569
7447
8564
8963
9162
3706
4076
6270
6782
7049
7291
8075
8455
9302
9687
1301
1555
2040
4206
4337
4660
6785
7348
7549
8126
826
2538
3098
3224
3840
5994
8331
8845
9274
9660
148
150
1791
2933
3761
3786
7001
8012
8686
9434
1805
1920
4207
5058
6552
6940
7109
7134
7600
8121
1612
2021
3760
5700
8109
8121
8412
9009
9061
9388
77
1159
2489
2952
4427
5273
6224
8100
8140
9626
874
2048
2190
4695
4775
6774
6874
8676
9142
9690
470
1204
1845
2248
2489
3728
5278
6116
7793
9804
1095
2017
2077
2697
3574
8867
9013
9120
9301
9687
151
484
1253
1284
2316
4760
5298
5410
6741
6873
233
1869
3246
5139
5950
6087
6163
7824
8743
8873
710
931
1548
2577
5031
6101
7010
7190
9297
9891
1467
3211
3270
3277
3421
4562
5055
5058
5970
9860
207
590
908
1548
4912
5880
6454
6531
6890
9127
124
472
1589
2693
2994
3934
7193
7296
8102
8908
2189
4490
5223
6466
6549
6746
8387
8443
8545
8737
749
840
1126
1635
3215
3313
3776
4885
7992
9061
478
622
811
1286
1710
5525
6016
6278
6983
9866
1742
2560
3451
4474
5739
7882
8542
8996
9395
9496
161
762
4867
5037
5143
6411
6489
7845
8933
9628
1014
2326
4123
5040
5892
6291
6361
8985
9548
9845
1287
1739
2076
2408
2964
3081
4163
5353
5556
6406
738
1607
3474
3787
4237
4800
4961
5688
7627
9549
158
246
1038
1438
2663
3334
5837
7356
7634
9554
1202
1386
1391
2308
2415
2465
3035
6711
8145
9438
653
1243
2983
3458
4089
4255
5233
5585
7545
9016
1798
2948
3187
4257
5674
6244
7373
8106
8705
9854
578
1701
2652
3156
3341
4292
4817
5918
6282
6957
611
1244
1613
3067
3195
5378
7482
9210
9724
9863
602
925
1762
2119
4618
4757
5022
6844
8610
9206
378
4012
4419
4517
4843
5631
7063
7886
9617
9895
486
631
3394
4263
4986
5857
6399
7089
7269
8046
238
998
1908
2571
2852
3183
3443
4683
7588
8519
3159
4387
4765
5106
6036
7704
8925
9143
9199
9512
519
672
1115
2131
3099
6901
7080
7135
7499
8985
699
819
1711
2208
2788
5184
6826
8233
8286
9983
581
2195
3432
3460
3622
5638
8297
8655
9361
9561
1964
3202
4357
4558
5183
5289
5936
6777
8435
9244
2166
2271
3759
4517
6050
6088
6197
8043
8544
9773
926
1700
3322
4136
6938
7479
8287
8331
8582
9397
1149
2547
2734
6556
6622
7066
7907
8059
9814
9827
2475
2639
2827
2940
3139
4509
5426
6567
7718
8509
17
713
2821
3182
6073
6911
7880
8231
8294
9035
18
182
390
859
1770
3714
5518
7898
8180
9383
1522
2231
3782
5197
5924
7845
7878
8401
8600
9785
1182
1192
1746
2571
4313
6686
6877
7052
7631
8757
300
2803
3073
3389
4363
4700
4771
5376
5596
8906
82
292
909
1885
2671
3001
5057
7998
8085
9267
1814
2101
3042
3236
5410
5413
6444
6633
8375
9920
772
1165
1782
2331
4584
5825
6950
7861
8981
9134
10
2211
2303
2438
3736
4150
5662
6716
7515
8372
518
1450
3358
4235
4823
5517
6164
7048
7125
7536
245
1172
1822
2506
2860
3269
5928
6900
7157
9780
1326
1504
1900
3121
3758
6235
7013
7478
8807
9795
519
1189
2583
3192
6373
6434
7791
8327
9142
9911
251
1668
1725
2009
2838
5858
6451
6482
7367
8987
723
2044
3226
5775
6210
8021
8764
9285
9403
9885
2186
3366
3567
3709
4557
5275
6284
8611
9192
9331
1133
2577
3168
4367
4905
6157
6196
6644
7067
8207
840
1546
4209
5226
5499
5956
7432
8210
8964
9055
693
2329
3515
3586
3626
3675
3682
4083
7247
7807
283
3119
3503
3546
3778
4958
5307
6167
7318
8245
1578
2078
2193
4318
5584
7321
8047
8539
8573
9256
625
2417
3175
3307
4799
4889
4921
7045
9154
9228
162
2181
3322
4269
4330
4649
5401
6450
9107
9933
96
260
1943
2841
3270
4306
4472
7279
8244
9310
1243
1778
3520
3629
4041
6251
6411
6513
7302
7567
1517
3371
3396
4061
4513
5603
6437
7344
7398
8444
680
1166
2232
2268
4894
5832
6141
6173
7073
8052
669
905
1373
4052
5182
6071
6237
8348
9462
9479
791
3460
3998
4429
4650
4970
6319
8900
9690
9730
18
1899
3156
3203
3972
5389
5985
7600
7681
8607
187
1826
2181
2611
4092
4728
5721
6866
8624
9207
429
1739
2076
2915
6088
6932
7607
9393
9803
9820
549
1362
3879
4155
6514
7176
7305
7969
8867
9232
412
1701
2233
4197
4878
5767
7174
7554
9604
9669
333
885
1898
1942
2073
2398
4372
5465
6661
7010
614
1681
1972
2889
4098
4473
5539
7258
7931
9137
1410
5108
5652
5848
6197
6404
6537
6618
7655
9182
232
3471
3790
3836
5569
5843
5944
6526
7113
9730
71
1645
3346
3395
4283
4941
7303
7882
8772
9238
1
3529
3863
3869
4019
6207
6270
6865
6991
9056
695
1016
1720
3167
3760
4232
5870
6411
8673
9947
2949
2956
5061
5433
5988
6241
6582
8060
8160
9692
447
1443
1717
3227
4157
6561
6773
7555
9108
9264
183
1453
2109
3017
5075
5946
6169
6479
7533
8367
729
1960
2230
5856
6316
6967
7970
8361
9505
9890
178
1107
4675
5006
5301
5803
7038
7412
8620
9662
2222
3222
3615
3889
4650
5848
6773
7848
8173
8563
699
2486
2560
2578
3939
7087
7781
8040
8368
8914
995
1351
1542
4587
5268
5539
5592
5789
8689
8724
740
1559
1802
2300
2322
3372
5637
6145
7545
8747
176
596
596
919
4211
4695
6540
6614
7092
9471
106
696
1458
4286
4746
5834
5867
7992
8785
9784
182
471
1947
3101
3692
3805
3833
4193
8029
9483
485
914
2236
3149
3647
3688
4825
5973
6352
9305
1408
2748
5156
5829
7527
7545
8685
8852
8987
9950
583
2299
3328
3852
4460
7049
7493
7656
8006
8999
313
313
783
1882
1989
2121
4242
5040
6698
7772
980
3465
3512
4295
4907
5136
8975
9115
9660
9901
150
535
2747
4435
4469
4736
5073
7554
7561
9009
580
1184
1920
2447
2921
4834
6011
7786
8379
8407
10
108
974
1280
2021
2867
4254
7022
9028
9304
5
98
1488
1854
1948
3508
5518
6796
6823
8175
1438
1681
2750
2946
4039
4625
8729
8903
9740
9966
522
1790
4736
5017
5534
6031
6306
7073
7895
9746
2598
2687
3550
4102
4223
4248
4381
5076
8436
8809
431
1416
2742
3992
4510
5733
6983
8522
9483
9840
1316
1694
2140
3298
3339
4357
7426
7855
8171
8775
118
726
2697
2709
3355
3369
6054
8288
9621
9940
3158
3755
4666
5141
6709
7252
8247
9012
9155
9730
703
1360
2857
2969
4735
5160
5899
6453
7212
9019
515
2807
4158
4414
4500
6079
7500
8631
9059
9367
858
2201
4242
4340
4900
5107
6966
7154
7368
9176
489
1136
2017
3279
4727
4796
5228
6443
8212
9974
405
934
1524
1806
3177
4167
7288
7577
7864
9703
2660
2820
3145
3772
3796
3850
4232
6418
6591
6800
3070
3294
4033
4590
6477
6586
6837
7975
9357
9861
1703
2098
2959
3107
5531
7508
7798
8108
9153
9313
676
3694
5078
5098
8388
8652
8667
8980
9461
9947
29
1858
3843
5239
5834
7652
8361
8433
8452
9840
441
804
3906
4110
4372
5614
6052
6524
6667
8550
345
779
1561
2687
4127
4492
6519
6823
7050
9924
1326
1682
3818
3860
5459
6491
8122
9456
9673
9753
542
3159
5558
6169
6186
6518
6797
7017
9677
9876
1359
2331
4247
4745
5317
5540
7655
8441
9133
9562
1695
2114
2736
3446
3852
4091
5466
5761
6129
9096
2689
2917
3083
4307
5706
7441
7605
7829
9267
9674
647
650
2286
2332
3499
3941
4799
5324
7602
8314
866
1034
1099
1213
2024
2264
3645
4089
8884
9064
