3754
104
2843
5828
2613
8232
6971
2811
1831
4317
7593
6692
2238
9853
5850
4760
1491
9415
4509
3379
928
8765
8859
3212
4701
6911
9549
6578
4675
7460
9112
9172
2273
1831
9267
541
8429
7932
8601
987
8274
6734
8618
1499
7863
5302
396
4322
1601
2058
3919
6330
1487
2479
8765
2967
3714
4589
4368
1509
6928
1134
6414
576
3566
8737
1536
992
6314
5122
7120
2463
8811
8046
5296
5223
4496
7109
1576
8189
5557
1297
5207
9604
7653
6605
8555
2832
7657
3812
7147
3640
7918
8680
9505
6647
8212
4331
5045
8207
8002
2829
4709
5034
9687
386
545
7550
8396
8575
962
1020
4934
3041
2123
502
3287
7803
1207
7371
9876
9738
3106
6816
3008
8662
2820
3948
9863
471
4680
4480
1112
5089
8826
8609
8618
9982
9023
6131
9023
8647
7183
3860
4773
2814
7629
8019
1337
5611
6791
3179
7767
3121
3928
9135
7900
3965
9579
6372
7612
2538
8747
853
7904
4659
1893
215
1287
8950
9039
7435
2797
1201
9970
8313
4057
4845
8178
6751
5088
2147
5902
1045
5159
4671
8675
7163
789
5216
4619
5170
1895
664
2690
1204
5422
902
9610
6130
2371
9486
4276
648
3578
3410
7103
6878
3444
5424
5021
2206
2526
5335
9824
732
1079
9062
7189
5863
4047
4211
6438
3355
3051
5077
1571
7697
485
367
8283
7412
9265
2154
9748
9167
6410
5149
4314
2344
5642
8459
4260
2612
4840
586
1682
1974
9308
315
2290
4327
4414
235
2179
1699
845
213
6912
7294
3371
3889
9854
3633
9397
9405
2977
8661
4337
7623
2680
6859
4000
6244
4057
6597
8851
2368
5127
9844
2553
1427
7168
4528
6486
8139
5587
173
1232
3884
9615
2352
6467
5569
6054
1774
6597
4013
1296
3789
8355
5603
9788
2890
8314
8894
593
2086
2753
1518
3203
4589
8355
4544
8977
4916
7419
5800
6028
991
9369
9677
4402
6860
7841
34
7431
4127
2930
8141
3429
4203
5156
773
6634
6570
619
5229
6464
6345
3096
3383
2859
7587
9486
1623
6571
4344
2098
1445
5888
3306
9051
1838
461
4052
5321
9816
8806
680
5955
9344
8947
2723
3416
6930
999
5630
1847
4212
6186
84
7642
7936
1521
11
7149
2923
8080
5425
7885
9415
7270
9653
283
3249
5382
1438
8191
9944
6886
3900
8601
2491
8496
6569
1395
9805
6550
6076
1171
8777
4146
9050
5949
5435
9195
329
9493
8818
996
6322
8769
3217
4367
4034
5852
492
687
9901
7511
8309
5259
4480
955
1315
9998
7938
6858
2395
6667
5333
8099
78
4941
1439
419
2175
989
7200
8329
5663
1853
8335
34
4999
7841
8917
3459
8353
9853
342
5125
420
1417
5015
4667
602
1986
9520
6415
5039
7514
2256
5370
4264
7231
1047
1298
7182
7737
5813
1293
7814
2173
4748
564
2446
2991
3076
9428
7765
3332
619
4813
2631
3989
2630
6429
1541
6559
8425
8135
5469
1368
895
6493
2379
2684
6231
8621
9948
1653
8667
9382
3706
8617
6286
2028
1145
5453
1025
5393
1436
5112
9217
7540
1653
9298
609
9622
9464
4059
5040
3574
8074
6488
8423
4895
4539
5608
7313
3511
3709
1012
6151
872
4304
5621
1479
3804
4380
8000
6016
7393
8314
876
3677
5324
3344
1652
8028
8665
2167
2776
4889
6593
2314
9006
1292
8660
4540
5094
5211
1846
1510
1627
6157
1558
333
8709
7293
9385
2988
5675
9223
4278
2099
4997
8578
1914
5212
9440
9210
4251
4149
3083
2600
906
4943
7711
5665
3362
3330
8667
8632
2797
4171
1949
9840
5845
3635
4764
4659
6760
2509
1218
1528
4068
4939
887
2756
2898
6189
4009
2256
5744
6024
4840
1698
6998
2207
9085
3259
2106
1969
4795
6012
3391
5630
4014
1830
6040
5431
2159
2509
139
529
2345
4215
1392
4358
6534
1479
2745
1176
8819
3617
9179
3491
5571
6505
9530
2190
5247
9693
5571
6157
1498
3323
8770
6550
6258
1168
9796
589
5010
239
1207
4031
3093
3210
5566
9831
6230
6223
2097
1921
5155
2690
2305
5945
975
3395
9768
9967
2950
7308
1135
3897
171
5802
5753
2580
8397
3061
9277
6089
5529
3261
2657
1384
1481
451
705
5300
8298
1985
2943
3483
7979
695
4277
1135
9857
627
2854
6438
1976
3196
1058
2971
1859
827
8584
4414
7492
4055
4005
7263
5096
6171
9355
4482
3946
5046
5662
6863
1719
7599
4040
6218
4833
7683
3467
2154
5981
7533
6566
2792
3640
3584
4225
3301
6038
8500
9619
3576
1354
6267
2739
8227
6002
5230
1803
6337
5274
8041
6680
1822
7937
8319
4206
9698
9337
8427
6153
348
8807
5813
1278
6760
9498
733
8815
892
4552
9720
5966
805
6788
7748
8073
1032
2988
6697
1811
7863
2479
2365
4596
2899
620
8564
9526
5800
4085
9139
608
1642
6690
6655
464
858
7602
2407
3137
8677
9821
3723
125
9241
709
2711
6427
2660
4506
5424
5881
4859
6060
9113
3813
7459
2363
5042
2885
5488
43
5774
9383
6888
3428
9968
2402
659
7061
2098
907
9618
6568
417
6580
1272
5153
8024
3470
1545
3648
1063
5392
8494
7910
8175
5824
7314
8532
2061
8477
4765
4382
4113
5215
4682
3743
251
3366
5046
966
8305
7520
8616
5806
5822
503
3575
7868
5914
4102
5725
6225
9122
4491
2486
7551
6020
3560
3652
3449
8842
4884
3507
7522
6016
7711
3748
8344
9171
9314
8264
9641
1736
6180
6795
3283
8663
8890
1482
4090
7410
3286
1330
4866
1397
9264
4727
8541
4188
2994
5133
1838
3611
3116
5223
5916
7326
6488
5898
9810
3022
2585
6652
1187
6029
6781
3518
4907
4654
9217
9652
2960
5636
5907
9053
6487
4085
6482
8163
4276
6810
9345
2049
3689
2534
9707
8748
5919
1136
6977
6799
9939
8639
6271
8247
3287
8402
3004
791
25
6409
8640
1129
657
2675
304
6498
3204
1493
1876
865
1126
3443
5818
7428
6940
4350
5588
1814
5039
7290
668
1785
3197
6907
8199
3292
1497
59
9223
3753
4515
7387
4491
3646
6290
756
833
9317
2973
3912
3276
8850
985
8906
7072
4889
2781
3623
9066
2906
5345
9823
6381
8650
5
5668
8807
9375
4078
174
5746
4247
7259
9832
7894
3366
6261
2411
2220
2826
3541
2852
4333
5404
320
3157
6984
870
525
4165
1075
4171
1544
6180
3161
9960
9647
7520
1458
5845
5320
4205
8448
6023
3605
148
1509
5061
7056
7787
226
6997
2609
6781
2171
5043
7567
1813
198
3597
6051
3772
9922
4254
6504
3549
7828
7877
6654
9713
6652
17
1646
2157
9334
5835
5863
8388
6748
3248
3543
6345
9658
2746
7653
7061
3738
1130
8107
8353
1741
9955
6162
9265
2778
2310
8869
9549
6049
3910
8711
701
9497
8071
2545
3873
1607
5112
771
6122
528
1642
8524
1112
4901
6188
8309
9681
669
5445
5687
2619
8417
5581
5565
6
5857
6536
3524
8281
2532
5647
5198
5271
3900
572
2662
4270
8376
5763
9551
5596
8787
8984
8757
9214
2394
4193
3828
8246
154
7881
4135
9112
2040
9197
9913
4433
4970
6454
504
4373
9330
420
3735
4436
5435
7140
8466
199
3980
7486
9389
9149
9546
8717
3973
8605
6699
1547
4040
6279
4308
7017
6464
8763
1731
8296
9434
4245
9241
5255
4053
2388
1375
5833
4534
5670
1865
3986
7128
1714
1784
174
2913
2625
3674
5854
2368
2841
4604
9424
9971
3624
9071
9065
3317
1561
1592
6354
3347
9718
3442
4124
6480
587
6606
8034
46
5330
6810
2362
7293
4145
5408
391
9233
5404
6949
4990
6395
7463
2962
9922
9738
2973
7279
3230
7994
7126
7435
3279
2042
3624
6185
1100
8507
7341
1444
9810
5253
8589
5666
7168
7332
9992
7367
5772
4719
9954
7137
4689
8665
1835
1024
5686
448
490
184
5307
4339
4246
7247
1858
8273
8976
4033
968
7132
960
7204
8063
9469
1546
6549
5657
3857
9740
3041
8099
768
4232
6000
5596
3566
3417
3563
5472
3611
3987
2206
3237
8501
380
8713
8385
8829
2672
1472
3462
103
7574
8211
9340
9738
7213
7960
7929
6776
3553
7331
2399
6840
6432
9975
3154
879
3844
5911
1268
5613
2237
3446
4543
9091
1756
7756
9279
626
9326
1257
8729
3182
803
3684
6636
3986
2858
6877
7651
3534
1771
5953
7427
8587
8944
3899
3239
2270
1089
727
8534
4411
2907
3410
9246
9329
732
621
8239
3747
45
4400
6630
9575
1116
8492
5892
1159
6629
57
923
5557
6285
1054
9477
8556
59
8926
3216
9921
723
4671
8938
3176
8929
5207
9381
291
3870
1439
9398
2438
4225
1353
9664
373
3317
382
6713
4782
5411
2112
1717
9300
7196
7006
5799
6576
9477
6214
1313
2492
3264
3412
803
4618
1475
265
6568
8030
9863
3335
7353
2221
6174
2825
1484
4333
9394
2559
1709
3499
4918
9366
9111
5708
2924
8758
6766
827
627
198
1548
8625
6025
2762
3815
3203
3381
7852
1724
4501
1002
4073
8730
5789
9337
9090
8221
3266
7478
4498
7365
7730
3604
6160
1906
1715
192
9290
6702
3185
5015
4113
4152
5222
6597
9908
5080
6296
9179
2421
9172
5069
9900
1719
7806
2313
7236
6233
7159
408
9814
9868
2709
4263
4208
6800
6124
9212
4893
3405
5339
7014
567
3101
3414
414
5286
9143
6748
6717
858
3174
4660
6168
2465
5672
953
5655
2837
3586
3631
755
6965
5521
320
4253
4782
2667
9752
5099
9862
7924
8761
8413
1173
5213
6444
6718
2833
3910
8629
9750
3060
3092
1553
4140
7068
4046
6079
7625
1919
6209
9032
7080
8200
5700
4204
6329
1698
2389
4955
8820
2720
9842
4748
5323
3879
820
9357
5369
1689
4294
9544
2518
3199
9363
6207
1516
8210
8317
3604
2036
2166
2346
1527
3449
5411
3673
7420
8639
3073
8803
4840
6508
9807
9260
7480
4548
8096
1688
2606
9891
9859
7178
1097
3091
4526
7864
7056
701
9895
3387
668
9340
9918
386
1391
653
3209
5061
3748
4242
7949
9111
2147
2486
6407
9333
7585
7708
7045
2220
1858
2608
8179
9143
1933
8558
3173
5269
1131
9825
3502
6649
3098
9220
747
9851
5652
2901
2559
220
7223
728
9420
887
8977
2919
5899
5458
9786
4982
2168
6596
5310
4036
9341
8384
4293
7182
984
1696
6033
462
3740
9917
8036
130
3234
3786
2651
4551
7881
8449
4074
7891
8913
325
1957
7761
8720
6071
5769
1431
8830
9972
3845
5348
7652
6666
7672
9638
4076
971
1112
5624
9780
5627
5132
3256
5621
1524
5895
7158
4043
2201
2402
6808
896
935
340
4730
6729
9974
304
1235
8636
9215
6683
5347
9596
5705
41
7033
1779
2252
6932
3393
6364
8726
9351
5195
4730
9195
7965
3030
4936
6631
6961
1562
7805
3535
4129
8054
1035
2582
9636
8846
5733
7707
3525
6054
539
3584
2524
7900
9427
8453
5687
5311
8326
147
9642
5870
9636
6037
9936
6284
5716
3744
4524
8719
796
8579
417
9239
6858
8553
5962
9132
3389
491
6775
2928
4115
4787
1780
4915
6111
5084
7224
6741
5094
1237
23
2583
9367
3028
2740
7690
3797
1879
6103
8505
8018
597
8119
3443
7513
7123
6052
7136
1848
7267
7427
5205
6825
135
2999
6818
9931
1299
2344
7528
2129
7329
6675
6472
3607
2862
398
4327
9853
8033
5158
6573
6946
1323
9031
5149
4493
9241
5847
3999
2810
3847
3871
3017
9904
2224
5191
1820
3627
4192
781
4507
1515
2954
8258
6054
5528
7525
1537
6660
416
7281
1853
9103
8703
9656
9046
9577
1946
9151
2023
6269
600
3211
3407
4496
4509
5361
6153
9047
4996
710
9291
3490
3144
2549
3176
5061
7631
47
7378
1255
4004
3148
9647
1443
2799
4639
5815
9628
6563
4264
3992
9486
2788
7859
2085
3183
532
3582
674
7813
1336
7272
1572
1345
7755
5765
73
6280
3487
3854
9764
4691
715
6149
1458
9020
325
822
2798
4905
6333
297
6525
1509
1028
8115
6456
8377
3448
589
4756
7642
9629
9852
8319
1884
9625
5311
7976
2533
4124
9944
2011
3916
4425
6801
1929
8143
8390
4864
1648
3700
2812
3749
1996
119
5931
6192
3497
7427
4542
3167
9444
3420
614
4453
1917
7512
8405
343
6971
5534
2202
7071
1692
1462
3044
7747
1031
2848
6660
8993
2865
5985
1443
8017
3112
5897
397
796
2590
8255
6585
5594
662
2093
8727
7111
5748
6440
5205
6159
2164
4472
3661
2457
2587
742
6766
9408
2833
5155
4197
300
7363
3957
8103
1184
8100
5596
4158
8444
8379
1251
3839
4818
6893
994
8644
9830
9896
9185
5930
2030
889
4359
7849
1049
330
9855
8043
284
5724
5020
2171
4999
1852
2771
5452
9335
4501
3639
2307
724
6483
9379
4674
266
6399
5007
5793
8613
8876
8997
7115
9910
9548
1390
787
5299
3583
8182
3201
1594
5786
1934
2156
4997
7008
6000
4693
4377
8112
8684
446
8264
1994
6833
5814
7143
7807
632
9955
7562
6596
2394
9818
3180
4642
4434
8669
4314
6318
8781
7521
8463
9056
4334
8539
250
1090
4926
6199
2667
663
9008
1125
5245
821
3219
4737
8940
8480
2673
5404
9656
3333
4436
732
9795
6143
2583
1677
1764
4554
9930
9410
4494
578
8896
285
730
2022
9859
3654
4624
9823
6871
4187
6021
4759
8972
852
1550
1544
1469
4274
1587
9938
2469
5700
3695
8696
6129
8150
452
7863
1521
9654
5595
4916
3048
3860
1465
1137
2578
9893
5149
4284
6965
5572
4997
3876
5360
5798
3889
8105
4513
6456
2703
1359
9091
3271
5221
7870
900
828
1054
5450
8836
6242
2731
890
4665
5637
6251
2678
8912
8025
9493
9410
8446
3812
1442
3569
5732
7097
5656
840
7665
8946
1648
1041
1681
3497
3305
5192
7779
4403
2118
6870
1193
4282
8386
3175
9576
53
9028
506
1631
7894
1821
7973
2933
384
8366
6226
523
2690
1479
889
3584
6452
4282
43
5747
158
4094
1865
1123
544
8688
1919
7011
1345
6547
7185
2473
759
2040
6784
1589
8767
8281
9560
8671
8570
9055
2969
1625
7077
1379
7056
7876
1315
2129
4338
7678
6601
281
2085
472
581
5968
8810
5510
3580
1811
8106
3056
8479
2603
5292
1878
8185
1948
609
4432
9016
4135
5549
9571
1845
4784
6561
8799
3873
2921
473
7525
5006
9693
591
1158
2152
4186
1515
9559
2526
245
520
993
4689
5841
2947
6708
8920
1210
8514
7692
7436
8060
1823
7371
8887
1937
6208
1174
6612
7207
3061
1196
9139
9183
7101
2801
3372
6738
804
4073
1885
4782
4877
7871
4577
7662
6072
3189
9391
1912
17
3494
7132
3296
581
6359
7870
6026
8753
893
9695
9757
6041
9160
9706
2114
3089
348
8261
1420
9052
3808
9450
4257
8206
9855
1364
6534
2048
7004
4899
5770
960
7587
3660
5945
3602
2203
3695
4464
6040
3879
4870
7856
5769
9019
7800
1403
2752
3820
7943
2108
1428
6704
8188
6851
736
6389
8956
8334
9358
1806
6775
6067
1140
7415
6190
8937
6923
2921
7390
8311
2872
1881
8877
2756
9770
4603
9872
1438
7263
2485
2150
8118
5458
7566
1525
8
4037
9605
7855
3384
3142
8989
6128
2328
1602
9398
9143
2070
5827
6263
6863
722
4823
2711
1577
589
9071
8924
5511
1086
1312
2331
5559
1310
8729
8109
490
5699
6034
4370
3856
1289
1725
1999
2674
508
3244
291
8748
4339
9983
840
277
1782
4071
9205
2764
7392
6204
1888
1217
8287
4840
4193
3613
2632
8606
9233
1422
4744
2938
3505
3651
1606
5943
8312
6401
4052
1527
2948
8928
6627
4882
273
6453
6006
4718
9799
9116
879
7734
6349
8737
1142
9755
2604
6699
3704
1044
1551
3766
9308
8995
9174
5116
5825
4038
3242
3376
6691
2614
2763
1174
4812
9904
9205
5314
7991
3294
1600
6988
2687
1505
3495
6828
6119
7244
1520
8407
3379
9520
6122
8438
1747
1264
1205
5312
8031
6656
4139
7092
4350
7247
157
9285
4289
2686
8808
5233
8972
6988
1302
1008
7365
8415
2928
4742
2757
2913
4545
2260
8267
2245
870
9794
688
4100
7938
1409
4981
6457
990
4080
2440
9829
9149
3486
5734
4575
6862
7718
4234
3420
475
3804
8179
9863
2094
4546
2660
8733
147
2279
4725
4903
4504
5597
8871
9621
4128
2037
5797
2292
3639
345
9558
651
3041
3078
2286
7928
8140
5476
8724
834
9651
7060
4271
3354
1332
8005
521
243
4889
6738
9398
4379
5986
5052
5517
7733
3012
3439
2037
8133
4731
8547
1979
6039
2539
226
5263
7196
4900
4864
1631
4434
1252
2764
6379
6366
2742
3234
7672
441
2856
6699
9200
708
7050
5778
6934
7690
1906
7683
4535
2913
893
1410
9964
3515
5328
8740
3996
7263
7693
8318
3759
2191
8592
2137
3917
4983
6569
6607
2004
4449
5540
7605
1880
3799
7556
612
9637
3798
8318
2293
6161
4987
7889
5881
3228
2061
7396
2130
5145
4758
5320
1042
9398
3151
5628
7582
5207
3351
7744
8334
1618
9936
3457
244
8723
5543
4706
4294
5487
2526
8652
3561
2293
4935
5900
1756
5264
223
4858
2047
2490
1076
6059
4031
9931
4389
3596
8543
5423
3333
9007
2227
8229
3723
4706
2076
403
216
8890
8219
9335
1190
9311
6820
729
8394
1345
2817
7900
134
1064
1535
7955
2030
7097
2297
4752
2100
9332
8624
4039
5090
2426
2788
3490
5204
1484
8865
1470
7823
2303
5896
8562
4258
3916
7689
8495
8039
9908
1482
6467
5862
1616
2327
9592
3799
5222
374
3930
3361
7783
3909
2693
580
2902
2002
9660
3952
7187
199
9862
64
3381
7409
6195
9478
9399
155
7149
3027
3273
5164
618
1187
3607
457
669
915
7622
2072
3596
2833
1611
5250
6204
5151
2774
7940
4008
3314
7003
851
7633
3837
4961
8233
3087
7157
6323
7648
1334
8401
8005
4250
3172
1713
6545
8763
7606
4199
1102
2931
4010
9190
514
5404
8591
7574
1246
3996
2153
6432
4504
4263
7649
7372
6
7061
969
7253
1734
8923
1357
4662
1787
6377
2597
7476
3841
8639
4551
8023
9649
8813
6713
5685
1168
9189
4964
9133
5731
6287
9732
829
8077
4457
5276
1185
2824
1625
2806
2569
3522
4369
7960
133
3567
2333
946
4223
9516
3963
3844
229
7716
2584
7997
8546
2427
9443
158
6552
711
9937
7469
9197
3359
5596
373
6255
5276
1640
3898
1396
7324
7940
5818
4306
245
1769
9887
8968
4646
5346
2433
7735
4553
2488
521
3153
8421
2345
1489
5740
5009
6085
7271
1459
98
1860
4399
8666
9285
5287
408
9099
7640
3162
7351
4930
5378
8914
6783
2321
9971
2905
2291
5729
8726
8483
2194
2646
3156
3131
1905
2205
7378
6160
102
2900
9482
8502
5136
1719
2455
4570
4052
1843
1481
7589
6083
2424
1721
5260
5223
8752
9063
2882
3132
4310
1103
3083
491
1476
5017
4702
3601
1342
512
7685
8271
5589
5082
500
3675
8841
2006
6100
2323
7374
6245
9323
5025
5337
1198
7658
4650
1863
7653
1971
8193
5210
8838
9236
4857
7873
2651
3092
151
803
5262
9113
566
2088
6024
644
7268
3156
9799
9818
9593
5377
3758
6703
1783
4888
1542
7169
1741
8411
7298
3726
6902
5826
4193
4467
7375
304
2509
4899
4630
4625
8672
6320
4510
706
2822
1561
8094
5149
8509
7599
5385
1104
6793
2757
5032
7033
2116
3189
9124
176
4130
4313
1552
6977
6227
3116
9634
4612
722
6030
3554
7547
6698
2589
4987
8439
5577
4343
1535
7799
5244
7225
4472
9519
4329
6354
5960
785
876
5625
9361
794
6537
5063
1681
1755
8144
2835
8806
690
6399
4425
335
277
2753
3910
8354
6395
4708
4898
8474
6295
5369
6106
2505
7314
9412
4584
2843
3107
7938
7890
5467
6925
763
8828
7998
9733
6701
8363
7213
4287
5720
1144
1025
5764
7160
5052
87
6562
4989
9598
1699
9680
1062
4966
9568
7196
9404
9965
8821
1139
1099
6051
3028
8973
7067
6797
9420
5090
6317
5097
990
237
5696
1903
4988
6411
3252
22
3325
3760
6710
4879
7278
9783
7385
6818
9395
1939
8710
1700
1866
3574
7962
8802
3328
6829
7582
7340
9645
4695
660
1569
587
4481
7661
2514
564
5135
9223
582
6489
6232
5556
8154
8143
2207
8486
8466
2035
5161
6726
7985
4302
4896
8259
6289
1860
4483
1080
4255
5095
9031
7175
6438
1192
8319
8785
9110
6605
1827
1783
9153
5438
6832
2315
6194
6298
828
2255
1898
4775
5524
1903
4264
8166
4180
9947
2596
4052
4114
4844
6345
3196
6855
5432
5213
9466
2395
497
6990
4412
2716
5687
6138
2817
7434
4126
6587
67
5299
7834
8333
8384
7782
9159
7117
8356
3110
2917
7904
5571
1757
9808
5326
3922
6346
2077
7833
1253
9400
3041
4253
4723
7965
9660
8918
5589
5708
5442
5977
1598
8535
5210
1088
1621
1588
688
1269
8797
1387
2709
7001
5253
4345
3734
6018
1675
8916
7706
8815
9132
5436
1652
2986
6871
2986
4425
7977
8943
1592
3355
5712
6831
8844
8612
2038
1064
7282
7423
4114
8277
8518
6431
7603
7200
4539
5907
3097
9485
1530
5873
8131
9188
4682
6992
8998
8396
2584
8194
3750
7315
9651
3453
628
4778
5815
9163
2436
5549
7669
7543
7018
8352
6651
568
7601
901
8005
9739
8247
6251
5199
4040
1945
6672
4613
7063
3718
1414
6106
7787
3442
2852
8433
1932
5498
1027
8956
4163
9086
4185
5710
3742
9536
5523
9791
6275
2248
9594
7548
8769
2113
1832
1992
7458
1508
3589
2643
5405
6271
6746
6244
4505
321
1814
6646
8235
2468
3390
7389
9280
7576
1535
1044
2134
6760
1824
5941
6820
7435
4067
3204
7883
2058
1546
7400
7828
2601
1654
7894
4296
8771
8442
1675
223
3798
8414
2694
8416
1832
1648
9601
887
4517
1108
6058
4516
8774
508
4690
9552
4800
6323
2017
6971
4726
4724
4739
305
9611
7048
2515
4219
872
6891
1459
7297
9414
8480
8325
5501
6489
2267
5993
3194
2378
7772
8900
6732
399
6620
4889
4602
5624
1535
7430
8870
8057
4697
3150
5277
4751
7838
2718
4825
4689
562
575
451
5957
4079
2807
2342
5963
5332
9739
6480
6842
1994
6997
6738
1285
2658
6142
2838
218
794
121
8927
2695
7311
6684
5788
8137
8733
299
2855
50
7265
5459
9898
1414
5391
7695
6881
3427
9279
9499
6458
1354
2323
5747
2553
9950
3604
5670
7592
2440
5673
5741
4252
5556
8969
7122
4195
428
9320
9294
857
4591
9470
6899
6313
7134
2469
5779
1776
7555
4065
7723
1918
7838
7674
8528
8838
5325
676
5460
5765
7815
9120
453
6351
6309
1451
5859
1892
8909
580
9467
7330
9581
6427
3060
9748
4465
4373
3189
2808
1985
380
9890
3631
5545
7043
8241
5245
9670
3640
7501
9056
8810
7218
4327
8989
7085
8153
2355
8150
7200
2180
2230
5783
8830
2110
2570
1472
7586
3602
6763
5293
543
9190
257
7873
6896
6324
7595
1634
6173
5362
7412
2685
4390
5523
7925
5786
1455
4263
2599
2010
1928
3453
7043
8045
1576
5497
8551
8672
1782
3313
6327
83
9139
7185
1262
1097
9687
2414
3488
344
6150
4104
9934
8017
9567
4376
2292
2089
9217
5657
3186
2486
5739
9747
9301
8245
1022
6674
2850
328
6016
6309
3998
4061
4368
6338
6733
7577
6289
6455
3797
4645
6342
9820
4446
2542
168
2437
4712
6592
3271
6323
825
877
1978
1513
6946
8358
9684
8795
3900
9596
822
3043
8532
2929
4187
1950
6033
4440
1923
5987
1086
459
2159
4548
6120
122
5718
1085
5285
5457
1491
8969
1103
5843
6412
6067
6668
8051
7694
5994
7371
1009
618
6926
5613
2945
5302
8567
1902
6951
1809
1766
2239
1566
215
5042
4401
9657
7533
4212
8335
7953
2330
4287
2808
2492
739
8438
3432
6911
8721
3506
7059
3242
8640
6891
6973
7794
8166
8867
6648
3084
4558
8098
4203
1732
7617
3148
9692
5645
5873
6175
9098
8243
4593
2329
3145
6109
6787
3942
8650
8415
7087
3606
183
3051
8061
8893
1800
6167
2208
6757
7445
106
5391
5006
3768
6655
1489
8293
3853
2716
5957
5266
778
5037
8235
2667
8629
5177
626
5382
8966
4375
6158
2140
235
6665
1125
329
6850
1765
1495
8976
9030
3141
184
9436
7096
6501
4316
1489
2553
282
2093
4272
9586
5633
1100
9369
8641
2821
8290
1035
8288
4650
625
7079
4355
3159
6364
5971
5326
2129
8751
9034
9169
1297
2988
4656
4241
1896
5988
3219
2244
7385
7967
1150
1096
6884
8568
5575
4656
1187
7783
2664
7596
6654
6412
8619
836
825
7477
2350
8114
3661
3452
582
8809
7523
608
3167
9765
1452
6959
129
8176
4159
4093
7727
9038
5962
7251
7609
4023
4121
7286
7970
9886
6341
835
3196
3042
1875
2997
3662
1888
2653
9218
4887
4995
1438
4424
4269
4698
4391
4575
7358
5156
8879
8731
4872
7306
8983
5249
3028
9288
4667
5043
5900
2890
5348
5914
1613
8864
954
9375
9640
9581
5207
7046
9635
7538
6023
6567
1501
7298
4939
7818
622
273
2573
6911
5692
6158
1326
3751
6570
9498
5451
4514
6267
5988
1502
6406
5812
6722
9409
7688
4256
6910
2333
667
5469
9386
1744
2274
963
690
5357
5091
3125
269
7342
1963
7904
7167
6628
9784
864
3262
6607
390
9522
2191
4537
4633
4212
9677
3244
5524
9785
4773
6660
324
4681
7104
4543
6717
4228
1886
609
542
199
5211
3173
3283
4231
7777
2877
7479
7738
6635
8330
1636
2726
8912
5175
8281
3809
7028
7776
4247
71
5959
5136
1511
2234
4104
3960
4363
9300
9690
2859
5200
7144
9760
7654
4029
214
8
9197
8730
6173
8162
8272
1744
1082
3676
3069
2153
7327
9563
1503
3460
6320
5960
2517
9415
8118
3172
7005
5521
4406
3865
7358
2987
4668
7919
3109
5850
8160
1608
8663
8709
6267
505
1814
6957
4723
5093
815
8429
9826
9463
6560
591
6677
7020
2742
1849
7312
2570
4884
1762
7951
5889
6400
9797
359
4429
8519
6273
2154
4869
1809
1722
8090
307
8927
8064
9301
5136
465
8185
8478
6683
7556
1454
4700
70
840
1663
3916
5070
1808
2180
3186
149
1139
1905
8573
2477
9807
4996
7448
723
1693
3694
6412
853
4863
1100
5475
7489
9766
2226
2743
812
8769
1459
665
7196
271
3871
7486
9747
8421
9465
5396
5784
8651
6627
946
4275
2209
7304
9021
9557
4128
9574
5047
9330
5547
8791
2081
4620
5491
5066
6897
9405
3369
8499
1887
4561
7967
1435
698
5645
152
2229
5560
4384
9566
5839
6266
8084
7234
5585
5469
833
9597
69
9645
9711
3269
2786
212
805
5420
9991
9184
979
6531
4849
9283
5048
8331
9417
2868
9265
5580
3501
2067
3855
5518
4569
8137
3507
1829
7954
8413
9673
1962
9663
8340
9295
7907
8532
9904
3872
2133
6444
617
7185
448
6146
489
3254
601
9548
6688
4738
9733
3701
9720
2618
2720
2454
1187
9589
4846
3920
7233
2003
6281
8552
9086
5334
8441
4447
6920
3025
8161
253
3230
5867
5126
202
1795
9120
7739
3161
818
4181
103
2497
572
8213
7928
7432
7773
3885
7473
1870
2972
433
6127
1268
5665
4505
8233
1032
7553
8907
4582
4302
5156
4374
2024
7612
1112
7688
9638
1842
5566
9917
8535
4196
978
8932
4170
1493
521
6224
1091
2658
1219
5048
6240
2872
1327
6107
617
2530
8926
6100
2166
3108
3391
6453
9690
1133
9994
2915
6093
8332
1848
1342
2184
2963
6015
9867
3593
7712
8892
1552
4375
413
9561
8460
7631
5478
4750
5280
9052
275
2035
686
1254
4065
5140
1164
4273
8737
93
3013
9494
7724
8645
13
6703
1569
2007
2926
2651
285
9946
9364
3361
7702
1315
1425
4258
9652
6337
1837
6775
3180
1926
4718
2297
9899
5093
4432
8240
27
4214
8082
8099
4437
8199
4909
382
6323
8989
1137
3458
1264
2056
3965
3590
1423
7476
8955
6603
597
7771
6406
3725
1684
8840
9401
9845
6964
3047
37
331
5264
25
9278
7401
1387
6195
7683
5803
2829
6821
6232
3971
7582
4712
7681
4136
7773
5889
8750
2495
7453
8274
1246
5666
3421
4752
5169
2604
9218
3935
3118
199
8004
137
9325
6540
2098
8733
3490
1753
9682
2180
8502
689
7481
2224
3140
8318
531
8509
7549
8353
8336
3161
4729
2474
8700
2624
2379
1411
3449
7119
9471
8742
1034
3898
5506
4559
5006
2394
9230
5229
3943
8254
5473
994
8183
4322
8489
9113
3943
3309
5214
1191
3891
52
4139
7546
7716
3756
1467
3278
3003
7293
8428
9486
3223
2033
3059
9016
1652
284
6300
1945
6432
726
6491
5304
251
9843
7108
5599
8922
6036
243
8595
8344
6439
6729
2036
1210
7049
3845
768
9133
9227
2218
9299
7087
6514
1042
3609
6246
6584
3583
9635
5969
3761
1545
2648
1305
1784
5658
7059
8323
2023
1394
3802
2853
438
6263
7391
8274
7162
9564
3679
5300
3999
2685
9335
789
4224
4148
5335
7114
4371
6716
6207
9789
8754
6944
4981
1845
1907
4046
4329
5652
2442
7901
5104
3517
1012
648
7164
5839
8244
4646
6989
2739
1899
7191
7904
9918
448
3214
4309
5987
991
7590
7167
3032
4718
8866
2213
3379
2010
1844
1525
2722
6960
265
4120
1684
7735
7760
5505
4374
3035
6245
7471
62
2229
4591
1793
5581
613
1794
2297
4709
3074
2961
2249
5224
7912
2836
7866
8408
8512
3793
8780
6288
1789
8954
9224
8110
18
3172
3857
1611
9170
9247
6568
4809
7071
8614
8703
6872
8340
9557
3781
484
2862
2226
8720
4879
3109
1066
857
1894
3704
8233
8881
7267
9542
8004
4178
5631
8713
9847
3504
8017
7341
6102
4766
4568
8303
4850
4364
9521
4320
2683
6686
4197
4873
3484
4841
7585
4920
6663
8854
131
4792
9214
4921
9759
4479
3019
3819
9468
704
5149
9042
1117
1249
928
3859
5583
1288
679
9006
812
1630
2840
2120
4442
7653
9716
5286
9380
7238
4769
5861
3666
4179
3174
9142
1831
507
5827
358
9559
3163
6987
9452
7907
1042
7663
7196
8099
45
4328
3097
686
3633
5056
9991
8281
456
413
7789
7242
8146
5147
6921
1399
6604
1301
1982
5168
926
832
6729
3366
8095
1044
225
8950
563
8840
2413
7430
7220
8521
9599
2747
8318
518
6350
8645
3940
5211
3505
1367
9297
9816
1511
2263
9417
7278
4884
126
9038
9909
9606
5164
2894
9853
2966
8683
3497
4895
1065
9886
112
6078
1990
8759
8873
6384
4978
7522
8623
3923
1303
7137
2518
4030
3235
900
6045
2485
1549
1412
5212
6984
2306
8509
8493
6473
3341
7398
2247
8552
1830
9950
5157
109
9601
5621
4341
3344
9623
5796
1948
9384
3074
9802
1958
6751
3617
5396
3420
3055
7548
4711
2814
459
1825
6269
8928
8380
6636
3082
2322
2455
5062
9610
3878
7095
612
554
2870
1964
1425
9807
270
351
262
8054
629
16
6661
3593
7193
7087
6485
1227
2472
3444
2103
5457
3083
1243
3287
7644
2973
2815
3630
7879
8233
5394
484
8761
1393
2182
643
9976
3115
43
471
7483
9654
8742
9522
7817
3738
890
1820
1155
4382
8997
6967
8811
6915
5738
1200
7584
4157
9958
5233
3527
9185
4865
2628
7287
1546
8067
3570
9793
7878
2849
7994
7499
1229
1043
4637
3591
6162
2803
773
8980
9778
2355
6470
241
8794
3307
6301
5401
4469
7582
6277
7072
4802
8265
1816
1608
1076
3847
4691
8768
5859
1140
3602
4506
1456
76
1738
5943
8053
3214
9173
6626
2203
6418
8440
1606
9797
4964
6081
7212
6218
2573
6412
7733
7808
3773
645
48
4323
3303
2135
9256
6854
7672
9075
2189
1344
2741
1325
8766
6775
2160
9456
4784
8059
4086
2481
2414
8184
9977
560
285
5119
4469
5579
7882
8191
2929
2510
9170
1709
5156
277
6429
3314
6210
8290
1688
1475
2609
8841
3518
716
2300
7720
8579
6966
5747
2836
9917
456
4765
9903
4895
3481
6299
7126
7875
675
6058
215
8883
2883
8053
6431
2947
7661
9493
3985
655
8349
4182
5843
4637
5272
295
3939
2223
337
3613
3703
4951
5783
2756
2145
2455
1660
9668
5185
6612
8192
6748
3924
2038
5243
2477
3883
543
7274
4613
7446
9493
7217
4199
7279
7118
1023
3556
1220
4359
815
3912
6108
1697
2555
7027
2042
7144
3003
3090
1903
7889
7514
9225
154
1984
4345
2256
6315
6179
2637
2087
5621
2015
5668
2519
7649
2565
5925
935
1871
4288
8997
5927
4536
2365
8038
381
1103
4631
8010
1754
2453
6127
5349
327
1052
4613
496
305
3843
6069
7754
447
9392
7744
857
3452
4093
934
9822
549
9817
8877
71
3488
1470
273
2302
5382
1314
5240
3742
2416
7191
7889
4837
1530
7422
2008
4549
6662
8825
8856
5477
3711
237
7694
8565
9608
9302
8165
6623
593
1572
3876
440
2357
6276
2432
2293
6419
9241
559
2443
8775
6185
74
1567
9349
1092
9646
2700
4401
2319
1120
6050
1549
8847
7322
6715
2560
6897
9511
3258
3776
8167
3334
3453
8188
108
1470
1121
7256
168
5439
948
4693
9951
9312
9173
2972
9267
8843
3063
551
3850
2177
6101
4205
6731
5675
8016
7656
5554
9566
900
21
7379
4250
4169
7799
5163
7888
8564
6840
721
6141
2829
3421
5260
1671
7980
5668
9166
7346
6797
9485
1950
2832
5186
4706
9780
5347
9768
6708
9373
8000
2961
1156
702
5666
6752
5483
1845
824
9236
7895
730
9276
508
2786
1749
5457
6872
848
7226
9640
7344
6709
7055
847
3854
9360
2110
3095
3734
7544
8757
2112
1702
7394
8603
9475
9272
3452
5677
7276
8580
7545
8966
6081
6450
2745
3598
8804
1038
6373
2361
6337
1524
5140
592
372
3851
3772
8221
4106
5886
4136
1183
4962
2565
386
4286
5553
7346
5678
5784
4414
8279
3299
826
1952
8805
5367
3770
338
112
5269
145
8816
510
6366
8310
5250
5134
4441
2598
9618
7157
3592
3423
330
1587
7129
5755
5887
4389
341
9467
2116
2083
5657
8137
9549
5305
2462
5215
1937
3139
4823
4565
4586
7234
7094
7909
3581
6907
8588
3291
9008
8527
6428
9881
7021
6069
6794
9895
4930
6098
2837
1047
5073
7643
6077
6311
6219
4306
3075
5439
2804
3932
2893
2714
9907
35
9650
2801
9945
1943
1320
1875
9963
9007
5591
8049
8925
1021
1241
2277
7053
9664
1169
2355
4985
6755
8870
8216
8639
6802
5786
9119
95
9597
1659
4099
3950
9093
8597
5582
4154
7508
1153
6431
2037
6201
9583
9002
9968
5232
8331
8858
7525
5584
9199
1938
3281
3502
1141
3505
1772
2880
2759
6659
7222
7708
3317
4900
8336
3693
5058
7631
9556
6871
988
3877
5587
1394
3510
3257
1161
6755
8100
2584
4238
8537
3905
3207
5803
5394
6672
9252
455
4542
4958
4430
7886
3803
4832
7665
2925
9439
9871
2073
5164
6597
5548
8712
584
1934
6001
9906
5244
7064
6198
3653
6603
9229
5229
5911
8845
7810
1499
3352
1780
8512
7219
2854
1305
6720
9232
1358
9560
2782
8078
3808
5445
2528
4406
2988
8905
9904
405
6393
1677
6533
1143
4677
3313
4224
8981
3702
1738
3202
8824
974
918
7179
8265
2509
3309
9661
8792
5216
310
1855
4964
8312
7715
621
8637
5542
7322
9853
8324
3586
7328
6684
8011
5034
1860
2295
446
5159
790
6438
3070
4732
7746
9506
9510
4440
2141
2744
7340
2698
955
4485
7078
2916
2474
1057
5893
1368
7742
2936
8131
3248
8458
4707
1221
3658
1512
3334
2940
8079
7077
8546
2990
4261
4204
90
1628
6602
8365
8579
928
7617
7082
9941
9382
633
9582
6382
3571
6745
3562
7286
1478
4328
2045
4749
249
9240
9808
4608
6115
9107
3691
8234
9598
445
2455
3719
9921
985
6785
3796
3033
9416
3672
9618
5513
3627
7507
3626
9450
4490
2322
7498
2896
1774
4767
1469
7132
2520
2512
4169
3815
8389
4141
4770
5858
824
4728
4300
9207
1335
574
78
6235
8739
9992
6865
7810
1934
6398
5159
559
2145
2713
4121
2807
7813
4019
3081
9601
2351
3438
662
9788
521
4797
8510
8349
9643
8419
7534
8451
2505
8358
9252
9497
1334
2575
4933
2343
8310
4354
6235
325
6769
6004
2134
2798
2931
237
1236
8844
192
9612
5819
246
5109
2145
3730
9891
8265
3819
4432
5865
7699
3519
6956
2743
357
7969
3123
4523
1846
226
9385
1249
7118
7351
7670
6888
7546
5858
4866
3586
8383
8079
4171
8873
3483
7596
8162
5897
8343
8997
9270
8205
8152
1980
473
1497
7957
1810
1871
4306
9603
5028
1028
2213
4332
3285
5485
9787
7983
3684
54
8103
7793
746
43
4088
1520
7234
2131
866
6167
8117
406
5139
6254
7489
5023
9893
7961
373
9804
1983
9713
1756
6706
4968
5408
4499
2910
2889
3014
6489
6566
1021
4648
7346
5406
2409
1320
6295
8983
1186
9087
3262
2689
1455
8391
8226
6929
3612
8790
4799
8798
855
8852
1932
2166
5243
7885
5877
2797
8087
8466
5075
4869
9819
9450
1723
425
7710
7094
7760
6883
4558
4739
2533
1806
7989
9352
8195
4549
9444
2878
6035
8170
4015
1184
2457
371
3988
152
1694
8223
8506
7817
9464
3591
6226
8843
8
2159
1996
9104
8383
7307
6665
1525
702
8574
8504
6453
9945
9470
9360
919
566
7940
25
9912
936
4367
407
9187
771
9960
692
5309
8411
3696
2616
8493
4830
4197
311
4504
6954
2324
3400
6379
6012
8568
6238
9809
5590
7360
3781
8965
2396
3807
7994
4769
8604
4173
1591
3108
5975
4763
6442
7891
9472
8628
8609
3526
9520
1614
7156
7059
5524
4800
1406
2952
4260
6414
5577
5985
2944
8271
6790
5754
5689
7680
9782
9407
5385
9665
3016
3855
5440
6428
543
9678
924
8471
6639
2793
1188
7807
1509
8485
5569
8340
4992
7088
8073
820
1391
5897
1706
6463
5943
4796
9200
8026
9841
6613
8899
4655
95
1974
5424
4017
8281
2404
2465
893
2345
9627
6364
2188
9838
7585
2533
5685
1361
8008
6049
2399
8210
9741
168
2516
3085
8430
550
9425
5711
6953
4654
9659
1663
6959
8539
5547
7915
7575
4133
7994
1328
8318
3884
3271
3125
2909
836
5765
2341
7027
2750
5986
3415
9009
9406
5778
7052
1236
3918
6539
2628
3469
5727
3288
6157
6029
1734
8049
3737
8268
6699
6290
7786
9912
1162
8167
1741
491
9971
7593
2417
1861
2084
1986
1906
5400
5969
4637
3734
1779
6765
5385
9603
1702
5384
2204
7147
4004
5173
3892
8822
9799
8519
8953
3291
1709
2151
1918
4602
6879
1877
9030
6088
227
7896
6803
5975
8711
7587
3481
9921
1806
3623
3634
5154
8344
1903
8746
3328
681
7228
9835
2696
155
8333
2131
7429
9855
3434
9728
4159
1839
6829
3326
6126
911
3470
5128
6410
7026
7514
1002
5313
7561
8911
903
2611
1686
5511
4550
3262
8351
2126
5175
3409
126
49
4340
1311
8356
917
6211
6610
9037
4129
2439
5624
5087
6362
9301
1631
3181
3513
6261
1961
2073
5882
5375
6028
4357
1044
6308
121
5882
5600
4383
6294
482
7944
9120
4682
9279
3837
4808
7125
7359
2244
8932
8234
6855
2143
7952
9945
5420
6420
8796
7421
3200
1884
6764
9311
6778
1914
8329
3893
6718
4949
3301
7947
7100
5732
4411
5100
9509
6678
3429
9229
1015
4699
2888
2198
1321
8066
5354
3358
546
8895
1780
8850
4549
9752
8306
1361
9510
7901
8311
1687
1552
5346
3597
2548
303
2411
3306
7065
2216
9203
5534
2974
6761
4472
5529
6226
971
4694
8057
4496
6804
3742
8529
9995
249
7283
9702
5382
4320
3442
1683
4691
5731
8667
9852
4101
4977
4672
1519
4019
6766
1705
8502
908
5323
497
4313
9154
7808
4752
9777
5221
7494
5942
6520
9133
3553
257
8123
1490
6011
4203
3617
6875
4172
6804
1109
1138
5716
5143
4479
3153
507
3899
4626
5419
1679
9016
8270
5097
9197
2644
5189
4575
540
2490
8283
3419
9298
6117
182
6201
7562
2270
2437
6582
1949
4800
8029
3695
3693
6388
191
5764
7361
4446
1269
351
2394
3523
347
3211
3125
4838
1994
9363
4329
6077
2767
5257
9232
8500
6555
3327
3218
3518
7059
3621
2268
8340
9784
863
1392
6140
5361
8546
7238
7638
9060
1292
864
2133
5396
4013
1756
3625
2003
7846
450
7269
5209
1308
8509
7954
8381
7288
407
8751
288
4670
9292
4835
7497
6152
688
3697
7306
6911
5885
23
194
8246
6773
8131
5180
178
5222
2689
373
2154
811
6998
1115
2695
5999
1618
5504
3367
556
3510
8974
4181
8354
7922
5669
9773
691
9449
1823
6398
2986
420
180
6032
4540
3487
7257
1199
5592
4292
4804
9492
8952
8498
8890
7854
1161
2745
5546
4722
7670
1765
850
9932
9136
21
8255
7793
5403
8263
482
723
8690
5282
3341
4496
443
5423
1694
3463
1076
2596
4770
4759
5740
4974
91
6454
8383
6475
1164
5515
3226
5330
113
1402
5420
4783
971
7273
3725
2351
4841
8851
4856
1220
7298
2664
1428
2421
9903
542
8529
4278
1542
2777
2909
2111
1968
7027
4246
859
5452
8232
9769
8223
8733
8176
8618
8421
7310
4745
3869
8949
1830
5873
3792
1935
8375
3661
3547
4103
8608
8905
6304
5277
4578
1117
8269
5496
5887
7432
5889
6030
926
507
1530
5810
7468
3076
6108
9163
3484
1494
4702
4637
655
6689
2655
4887
3279
5460
3030
5144
4981
9243
5287
5518
9786
646
9585
8301
731
4441
3252
6728
8533
2617
9392
7950
4352
4378
7960
2884
1672
6770
5973
9196
871
6072
744
4383
6302
1311
7783
348
8674
5113
1225
6381
8499
8570
2012
2930
295
7098
5123
3916
5670
5430
5582
4216
2894
5444
1025
9445
9495
9569
3703
2324
6433
8010
8815
2524
4553
1683
3428
5527
8795
2598
762
7901
4785
3643
3380
5755
4857
3792
3523
7055
4212
1718
5305
3122
7883
8057
1548
3570
2253
2937
1749
3547
7411
8729
472
8322
3300
2100
7054
478
1300
9175
2302
7651
7127
5774
6427
5692
6724
3919
8375
6276
7556
8749
101
8018
9818
7610
2443
5487
2332
4125
6662
7812
9423
635
3688
6564
5698
2485
9036
4116
4977
9822
2458
2307
9257
1448
8198
4106
3483
5146
9571
8993
2266
7071
8021
3210
5198
9437
8020
8686
5979
5393
9644
499
5339
8292
2514
1207
1688
1596
9985
2652
3382
2466
2737
7120
1837
9755
7209
6791
9012
1621
9324
7223
7784
5168
2831
1472
2733
2278
4442
4870
5340
3496
4509
7309
3626
8023
9994
8511
9513
3772
9280
8044
3479
660
7352
5375
1396
2620
8712
809
1234
3189
3668
4765
8869
1939
965
5303
6345
2056
338
3305
1523
1448
7339
6260
4624
6728
2084
9167
8169
1720
3342
7719
5640
5482
2081
9396
9188
6447
3142
3523
8457
1085
9794
6149
9859
9774
6572
515
3976
1047
6671
2652
8469
1923
5786
8222
2529
3500
8181
7596
3422
1622
1823
930
1421
2088
5202
5186
3777
1607
6312
9065
1644
2753
8871
8020
2486
3555
4311
873
2365
8984
9589
5571
2294
9166
896
4013
576
3158
1840
3754
2041
1560
7190
9087
1627
3585
7711
2270
4350
5114
8322
4432
5265
6790
9177
5949
5523
6615
1180
5867
9516
1566
3480
257
3209
4301
9503
7463
307
8939
3513
6700
4081
1331
6825
964
3092
2281
5482
7036
480
3963
4088
7466
6779
1599
7547
7446
2558
9919
6093
623
4776
1725
3229
2875
7634
8453
4700
4911
9437
4398
4421
7031
8903
1932
8378
5395
1293
1893
4505
6943
2731
7069
1773
7181
3758
3233
6529
6624
1610
8189
9311
8808
9431
1002
3159
4341
2758
3608
8635
1609
1922
6227
551
127
1954
8309
9534
2626
6139
9016
5215
5404
6881
582
3654
8796
5182
9647
3519
5074
3692
9270
6102
4026
444
5560
8826
6114
7641
2234
5136
9162
5814
5471
6035
7447
692
8963
6569
8564
1824
966
848
4694
4409
6376
9608
42
4831
7789
3706
6270
9687
6782
9302
7049
7291
4076
8075
8455
6894
1121
3854
7028
2365
1413
3005
6756
4097
5290
8126
7549
4337
7348
6785
1555
1301
2040
4660
4206
2501
8992
2421
9833
1583
2361
5170
2345
1128
1209
9660
3224
2538
3840
5994
8845
8331
9274
826
3098
7566
2237
6850
4642
1267
8118
2837
692
5705
5930
3761
7001
148
8012
2933
150
3786
9434
1791
8686
2455
2004
9251
2792
3152
2971
9800
3624
5060
7057
1805
6940
4207
5058
8121
7109
6552
7134
7600
1920
4858
67
9793
1136
4784
4019
8364
3082
3497
1047
9009
8109
8412
3760
5700
1612
2021
9061
9388
8121
5244
670
1691
3071
8823
204
3943
4620
2950
4914
1159
2489
8140
8100
9626
2952
77
4427
6224
5273
8227
7459
5372
8953
5867
6001
1985
9431
2572
7587
9690
8676
4695
9142
6774
4775
874
2190
2048
6874
5791
6054
7964
6580
9410
1940
702
260
1871
7832
6116
470
2489
7793
1204
1845
2248
9804
3728
5278
3754
9946
7573
573
2730
6220
8356
4295
7549
3790
1095
8867
2697
2077
9013
9301
9120
3574
2017
9687
4298
6141
8429
5878
9874
3222
5036
6935
7703
3460
484
6741
5410
2316
5298
6873
151
1253
4760
1284
4868
7598
4738
9259
934
8139
3382
2175
171
9198
233
8743
6163
5950
3246
1869
7824
6087
8873
5139
7708
5486
3794
4608
889
5038
2037
2058
563
9156
7190
9297
7010
931
9891
710
1548
6101
2577
5031
6375
7471
5576
1976
3324
9920
6715
8894
1431
3254
5055
3211
1467
3277
3421
4562
5058
9860
5970
3270
3746
5069
3955
9459
9212
9393
3054
3448
1261
1326
1548
4912
9127
207
6531
908
6890
6454
5880
590
2780
5416
8305
3781
7240
9925
4809
2480
1442
402
8908
7296
472
2693
2994
3934
1589
124
7193
8102
9263
2331
3450
3967
9520
832
4318
6312
4577
7621
4490
8545
6466
8737
6549
8387
5223
8443
6746
2189
9229
4956
553
6092
4106
15
3847
6566
5585
1016
1126
1635
9061
3215
3776
840
4885
7992
749
3313
4358
6320
4564
5147
7022
9861
685
5355
7356
3330
5525
478
1286
6278
811
1710
9866
6016
6983
622
9590
7721
1370
2675
5219
7998
9185
94
6315
4089
9395
7882
5739
3451
4474
1742
8996
9496
8542
2560
9276
8606
2956
8215
2049
7235
9990
3275
8173
3819
7845
6411
8933
4867
6489
762
9628
5037
161
5143
7909
40
2965
8999
9686
683
3600
5697
6103
1246
9548
2326
6361
5892
1014
4123
6291
8985
5040
9845
248
4820
8517
592
9653
2362
2007
6876
7382
4287
2964
5556
2408
3081
1287
2076
5353
4163
1739
6406
1276
1722
6410
2033
8408
7192
7492
4800
7072
8650
3787
738
9549
4800
7627
3474
5688
4961
1607
4237
4756
1001
4591
4236
5847
2544
8077
6285
9929
2887
1438
7634
246
9554
1038
3334
158
5837
7356
2663
2555
5756
7117
2677
66
4531
7740
2597
7138
5038
2415
1202
1386
9438
2308
8145
6711
2465
3035
1391
5291
3548
6845
7737
8857
5672
6650
4247
6797
3079
5233
2983
7545
5585
9016
3458
4089
4255
1243
653
2904
8739
1025
1853
1852
7730
9034
7831
588
7440
6244
2948
8705
1798
7373
9854
5674
4257
3187
8106
9914
7434
4407
6130
2125
3054
7264
4205
4008
9962
2652
3341
6957
1701
4817
3156
5918
6282
578
4292
2025
2736
8845
3362
4945
4456
1521
118
5613
9682
1613
5378
7482
3195
611
9724
1244
9863
3067
9210
7361
9752
2116
4265
4662
9785
6469
4266
9251
25
8610
4618
1762
2119
602
6844
5022
9206
925
4757
4277
205
3403
8691
639
878
5960
4251
7881
6752
4843
7886
378
4012
4517
7063
9895
9617
5631
4419
4433
1636
7501
270
4940
7223
911
5638
107
6052
7269
8046
4263
631
3394
7089
6399
486
4986
5857
8921
797
21
2411
2070
2858
2485
921
7619
4978
7588
1908
2571
238
8519
3443
4683
998
3183
2852
1134
2615
4958
5510
406
6180
1462
7137
4316
2119
8925
4387
9199
5106
4765
3159
9512
9143
7704
6036
5502
1920
6120
3519
3317
7547
9796
6878
3826
9990
7135
7499
8985
2131
1115
672
519
7080
3099
6901
4620
7510
1286
3188
7312
851
631
1445
3686
1558
5184
699
8286
9983
1711
6826
2788
2208
8233
819
2965
700
8099
7085
9554
5291
3232
9762
6014
3559
581
2195
9361
3622
3432
9561
8655
3460
5638
8297
5683
3308
8675
3731
6596
5666
3020
4824
5418
1568
5289
4357
6777
9244
5183
5936
1964
8435
3202
4558
3550
9668
7495
4878
2321
4347
503
7926
9409
6680
2271
6088
6050
8043
6197
8544
2166
3759
4517
9773
4412
704
9305
281
1938
6154
3751
247
2731
6400
1700
4136
8331
9397
8582
6938
8287
3322
7479
926
3161
3509
3414
1460
985
3258
1304
3493
8440
2809
6556
1149
2734
9827
8059
2547
7907
7066
6622
9814
4850
5493
9898
4629
186
9724
6454
3115
3790
374
4509
7718
2940
8509
2639
3139
2475
2827
5426
6567
2045
5747
7974
1980
7156
8942
6917
8070
1201
5840
6073
17
8231
8294
7880
713
3182
6911
9035
2821
7220
7204
8860
3025
606
1717
2301
2663
1772
6882
390
1770
7898
3714
182
5518
18
8180
859
9383
5231
2752
8204
1420
2349
472
1331
4168
2620
2432
8600
5197
5924
2231
9785
7845
1522
8401
7878
3782
8576
835
3912
6321
3410
443
6482
2312
6877
9849
7631
4313
1746
6877
2571
7052
1192
1182
6686
8757
9080
388
1411
9941
7154
9140
8934
916
5644
3109
4700
4771
4363
2803
3389
3073
8906
5376
300
5596
2807
754
1959
178
8781
8957
8777
7043
3132
9133
909
292
8085
2671
7998
9267
5057
1885
3001
82
1314
4165
7156
1042
2497
9110
1832
9278
917
2758
6633
9920
5413
5410
1814
3236
2101
3042
6444
8375
9437
6824
5269
3019
472
6550
9582
1162
1639
7993
1782
772
8981
7861
5825
4584
6950
9134
1165
2331
7096
4049
4300
9031
1084
7517
3040
4291
7614
9569
4150
7515
2303
2211
3736
6716
8372
10
2438
5662
7287
7369
3871
9774
8587
7689
8969
5319
6862
3778
7536
5517
4823
7125
4235
518
3358
7048
1450
6164
923
2623
2444
5203
8694
3139
669
8236
4605
2226
2860
6900
7157
1172
2506
9780
5928
3269
1822
245
8893
2195
598
5319
3445
4342
1160
5247
6432
9110
8807
6235
1504
1326
3121
9795
7478
1900
7013
3758
6745
17
1010
5454
2533
5371
4314
3817
7263
2428
1189
6373
2583
519
6434
7791
9142
8327
3192
9911
8071
8556
9803
4508
4962
19
8235
6272
9539
7968
2838
7367
2009
251
1725
6482
8987
1668
6451
5858
213
8516
7026
2267
9040
610
1752
9191
4367
1918
5775
723
9285
9885
9403
3226
8021
6210
8764
2044
8481
997
2163
219
4820
131
2448
850
2219
2034
2186
8611
3709
3567
9192
5275
6284
3366
4557
9331
4500
1485
8001
1158
32
5598
1993
3642
9836
2719
4905
1133
6196
8207
3168
6157
7067
4367
2577
6644
7049
7082
4738
3839
9772
5763
6733
2761
495
7738
5956
7432
840
5226
4209
8964
1546
8210
5499
9055
1451
7598
2501
1494
5248
273
8817
6979
1173
3745
3586
3675
2329
7247
7807
3515
693
3682
4083
3626
5933
6047
5745
8794
9055
9303
2564
8161
9161
1405
8245
3119
6167
3778
7318
5307
3546
3503
283
4958
8436
8830
9752
6475
1711
2134
1653
2554
2509
2145
8047
5584
1578
8539
9256
8573
2078
7321
4318
2193
4719
1332
7945
6171
8052
2721
46
3232
9348
9438
2417
7045
9228
3307
3175
4889
4799
9154
4921
625
360
2964
5349
7329
6443
8962
6910
7188
3993
6581
9107
4649
162
4330
9933
3322
2181
4269
6450
5401
451
9105
9447
9706
498
554
339
4087
9693
1271
9310
8244
2841
7279
4472
96
4306
1943
3270
260
131
1309
2823
8555
2597
212
1972
5022
447
1452
7302
6251
6411
3629
1778
6513
4041
3520
7567
1243
4157
4858
1753
54
2708
3878
8205
4929
8068
6942
3396
7344
4513
7398
1517
4061
3371
6437
5603
8444
5317
8528
7102
3385
7649
1381
7477
3680
8438
6881
7073
680
8052
4894
2268
6173
1166
6141
2232
5832
7174
2235
4109
2494
9030
1155
5994
1986
3914
6209
1373
6071
8348
5182
6237
9462
9479
669
4052
905
2829
8976
955
6626
8036
6632
7437
4234
6747
1447
4429
4970
4650
3460
8900
6319
791
9690
9730
3998
4757
3693
598
9428
2055
6538
5576
5288
3843
602
3972
7600
5985
3203
7681
5389
18
1899
8607
3156
9534
3802
4800
6329
6277
4202
7757
7178
8503
2606
5721
2181
8624
4092
1826
9207
187
4728
2611
6866
551
7615
3175
7947
6407
5533
1929
541
5634
9979
7607
429
1739
6088
6932
9803
2076
2915
9820
9393
5259
5202
306
3467
5759
1795
4902
2420
8651
3708
6514
7305
7176
9232
8867
4155
1362
7969
549
3879
3641
5021
8135
7354
3751
8375
9278
6435
2753
9986
7174
2233
5767
412
7554
1701
9669
4197
9604
4878
2956
5498
1913
5391
7515
3490
4764
6679
6006
4357
1898
333
5465
4372
885
2398
1942
2073
7010
6661
1994
3964
654
6997
2685
9406
9933
9974
8760
7366
5539
4473
9137
614
7931
7258
4098
2889
1972
1681
5097
4011
1292
2309
2968
8853
9877
1678
59
275
6404
6197
6537
5108
5848
6618
5652
9182
7655
1410
2027
3611
5780
8843
2015
8164
3373
8237
4819
5768
5569
6526
3836
5944
3471
9730
232
5843
7113
3790
6971
4889
3447
9511
6564
7278
4760
6076
3870
1518
8772
4941
3346
71
1645
9238
7882
7303
3395
4283
6304
451
6806
514
6853
7137
3894
6808
3102
8770
3863
1
3529
6991
6865
9056
3869
6207
4019
6270
1519
675
4423
3051
4417
5567
1345
7022
1813
6597
8673
9947
3167
5870
1016
3760
1720
4232
695
6411
5455
2247
9314
3388
2010
7881
1588
7490
5882
6107
9692
5061
2956
6241
2949
8160
8060
6582
5988
5433
2116
5680
2538
3070
3187
9550
5609
5789
8713
5634
9108
9264
4157
1717
447
1443
6561
3227
6773
7555
1934
7124
408
6357
8969
1884
9154
1920
7463
688
5946
3017
2109
7533
5075
6169
6479
183
8367
1453
2538
8786
2913
8857
6174
9569
5632
8569
4467
3321
6967
2230
6316
9505
729
9890
8361
1960
7970
5856
6726
7218
7272
2466
3617
7520
592
9009
1545
8508
5006
4675
178
7038
7412
8620
5301
9662
5803
1107
4643
199
4048
4303
7242
1171
2021
927
9521
6856
5848
8563
8173
3615
3889
4650
3222
2222
6773
7848
4356
1025
7848
9524
1635
9801
2239
3852
101
4416
3939
7781
2486
8040
8914
2578
699
8368
7087
2560
3796
7010
3034
6957
7440
8092
778
1683
2112
8681
1542
8724
5268
4587
5539
995
8689
1351
5592
5789
2420
5852
237
3490
192
6785
9234
9380
6691
3499
2300
8747
1559
7545
1802
2322
740
3372
5637
6145
3138
7909
8086
9976
9916
2189
338
2053
2785
9403
176
4211
7092
6614
6540
9471
596
919
596
4695
1189
5897
7279
8978
77
3344
6269
1222
4363
3219
9784
4746
8785
696
5834
7992
1458
5867
106
4286
1046
4090
4222
4882
6699
3744
6452
1392
7430
1468
1947
4193
471
8029
3692
3833
9483
3805
182
3101
7434
870
8343
8256
4576
9429
3926
5849
2329
1738
3149
914
485
4825
5973
3647
2236
6352
9305
3688
6395
341
796
8597
6700
6396
8087
278
9732
3682
8987
2748
5829
7545
8852
7527
5156
1408
9950
8685
4645
4973
9777
6244
2098
4042
8776
7244
459
9546
3328
3852
8999
8006
4460
583
7656
7049
7493
2299
125
2420
7038
8502
4881
3806
8229
8613
8512
4396
1989
6698
1882
313
2121
313
5040
4242
7772
783
2684
1313
8204
944
7213
8915
3900
7371
3119
3912
3512
9660
3465
4295
980
8975
5136
9115
9901
4907
1113
7439
2289
5683
2844
6417
538
7956
7044
3669
4469
2747
7554
7561
5073
535
9009
4736
4435
150
933
5374
1079
1871
77
4335
9216
6459
5831
1524
1184
1920
4834
8379
580
6011
2447
2921
8407
7786
321
8119
8327
3140
675
103
1204
2934
5785
49
9028
10
7022
974
2867
2021
108
1280
9304
4254
3307
4748
8131
2838
9264
6645
3619
7529
6423
5798
3508
8175
1948
6796
5
5518
98
1854
6823
1488
3238
7482
7634
3421
4958
2717
7682
4213
5691
3742
1438
9740
9966
8903
8729
2946
4039
4625
1681
2750
4856
956
7797
3270
6088
5112
1492
2974
8547
6738
4736
522
6031
1790
6306
9746
5017
5534
7895
7073
9502
3276
4455
8794
4406
8618
7222
7672
202
8771
8436
4223
4102
4381
2687
5076
8809
3550
4248
2598
1626
1528
211
6056
4949
9731
5176
9117
7379
3317
2742
4510
1416
9840
6983
8522
5733
3992
431
9483
653
6591
3310
2897
2949
6751
5685
3677
1221
9700
4357
2140
8171
1316
7426
1694
7855
3339
8775
3298
2928
5047
8100
800
1565
9565
6514
8642
4592
7046
726
8288
9621
3369
9940
6054
2697
118
3355
2709
3310
5404
974
4195
1994
5160
4307
4463
3262
3724
9012
5141
7252
8247
9155
4666
9730
3158
3755
6709
7436
1015
6289
810
5814
3957
1706
36
534
3653
6453
4735
5160
7212
2857
703
5899
9019
2969
1360
1097
1656
6836
9147
8724
6186
7930
1345
2763
2848
9367
2807
7500
6079
4500
4414
9059
8631
515
4158
481
1344
6104
5519
1704
6406
3592
516
8722
7902
2201
4900
7154
4340
7368
6966
4242
5107
858
9176
6715
3728
5034
9980
9843
7939
8145
8832
6161
3330
8212
489
4796
5228
4727
6443
2017
3279
1136
9974
5715
3559
1094
5729
269
9796
8327
2252
1763
4390
7577
405
9703
7288
7864
3177
4167
934
1806
1524
2947
7484
1233
5639
5916
8684
6247
5685
392
6395
2660
3850
6418
3145
2820
4232
6591
3772
3796
6800
6971
4856
3546
2041
6642
1933
7365
6640
7098
5900
3070
6477
4590
7975
3294
9357
6837
9861
6586
4033
1953
3390
5338
1059
468
3417
2263
1104
4923
3456
2098
7798
2959
8108
9153
5531
9313
3107
7508
1703
8482
6218
8390
9216
5765
3656
3215
7840
8380
4218
5078
9461
3694
8652
676
8980
9947
5098
8388
8667
5526
9940
9030
5554
5937
5095
9138
5405
183
4862
5834
8433
1858
7652
8361
9840
29
8452
5239
3843
5971
847
3582
2547
886
5113
2087
5251
7788
5345
4110
5614
804
6667
4372
441
8550
6524
3906
6052
3321
4689
3307
9442
3406
5437
3051
1458
9977
5133
4492
7050
4127
1561
6519
2687
779
345
6823
9924
5675
3217
6313
7228
7688
3931
4575
3021
6387
4256
3860
5459
8122
1682
6491
1326
9673
9753
9456
3818
4606
6872
8704
1113
1269
2811
5780
4079
866
1231
3159
6169
6797
542
7017
6186
5558
6518
9677
9876
330
8325
7517
3552
8367
7828
7773
2730
8233
9388
9133
2331
1359
4745
7655
5540
4247
9562
8441
5317
9726
9297
2637
6631
116
2013
2931
7900
9508
2946
2736
6129
5761
2114
1695
3852
4091
5466
3446
9096
1713
8251
5940
7834
7953
7604
5239
6144
5787
7273
5706
7829
4307
7441
3083
9267
7605
2689
9674
2917
9955
1489
797
8264
6650
3144
8192
558
1491
4234
650
2286
3941
8314
2332
3499
647
5324
7602
4799
1635
7852
6539
6036
1687
2613
2230
2608
5701
15
866
1034
4089
2264
2024
3645
1099
1213
8884
9064
