104
1831
2613
2811
2843
3754
4317
5828
6971
8232
928
3212
4675
4701
6578
6911
7460
8765
8859
9549
396
1499
1601
2058
4322
5302
6734
7863
8274
8618
576
992
1134
1536
3566
5122
6314
6414
6928
8737
1297
2832
3812
5207
5557
6605
7653
7657
8555
9604
386
545
2829
4709
5034
7550
8002
8396
8575
9687
471
2820
3008
3106
3948
6816
8662
9738
9863
9876
1337
2814
3860
4773
5611
7183
7629
8019
8647
9023
215
853
1287
1893
2538
4659
7612
7904
8747
8950
789
1045
2147
4671
5088
5159
5216
5902
7163
8675
648
2371
3410
3444
3578
4276
5424
6878
7103
9486
367
485
1571
3051
3355
4047
4211
5077
6438
7697
315
586
1682
1974
2612
4260
4840
5642
8459
9308
2977
3371
3633
3889
4337
7623
8661
9397
9405
9854
173
1232
1427
2553
3884
4528
5587
6486
7168
8139
593
1518
2086
2753
2890
5603
8314
8355
8894
9788
34
2930
4127
4402
6860
7431
7841
8141
9369
9677
1445
1623
2098
2859
3096
3383
4344
6571
7587
9486
999
1847
2723
3416
4212
5630
5955
6930
8947
9344
283
1438
3249
5382
7270
7885
8191
9415
9653
9944
329
1171
4146
5435
5949
8777
8818
9050
9195
9493
955
1315
2395
4480
5259
6858
7511
7938
8309
9998
34
1853
3459
4999
5663
7841
8329
8335
8353
8917
1047
1298
2256
4264
5039
5370
6415
7182
7231
7514
619
1541
2630
2631
3332
3989
4813
6429
7765
9428
1145
1653
2028
3706
6286
8617
8621
8667
9382
9948
3574
4059
4539
4895
5040
6488
8074
8423
9464
9622
876
3344
3677
3804
4380
5324
6016
7393
8000
8314
333
1510
1558
1627
1846
4540
5094
5211
6157
8660
906
1914
2600
3083
4149
4251
4943
5212
9210
9440
1218
1528
2509
3635
4068
4659
4764
4939
5845
6760
1969
2106
2207
3259
3391
4795
5630
6012
6998
9085
1176
1392
1479
2745
3491
3617
4358
6534
8819
9179
239
589
1168
1207
4031
5010
6258
6550
8770
9796
975
1135
2305
2950
3395
3897
5945
7308
9768
9967
451
705
1384
1481
1985
2657
2943
3483
5300
8298
827
1058
1859
2971
4005
4055
4414
7263
7492
8584
2154
2792
3467
4040
4833
5981
6218
6566
7533
7683
1803
1822
2739
5230
5274
6002
6337
6680
8041
8227
733
805
892
1278
4552
5966
6760
8815
9498
9720
608
620
1642
2899
4085
4596
5800
8564
9139
9526
125
709
2660
2711
4506
4859
5424
5881
6427
9241
659
907
2098
2402
3428
6888
7061
9383
9618
9968
2061
4765
5392
5824
7314
7910
8175
8477
8494
8532
503
3575
4102
5725
5806
5822
5914
7520
7868
8616
3507
3748
4884
6016
7522
7711
8264
8344
9171
9314
1330
1397
2994
3286
4188
4727
4866
5133
8541
9264
1187
2585
3518
4654
4907
6029
6652
6781
9217
9652
1136
2049
2534
3689
5919
6799
6977
8748
9345
9707
304
657
865
1129
1493
1876
2675
3204
6498
8640
59
668
1497
1785
3197
3292
3753
6907
8199
9223
985
2781
2906
3276
3623
4889
7072
8850
8906
9066
2220
2411
2826
3366
4247
5746
6261
7259
7894
9832
1075
1458
1544
3161
4171
5845
6180
7520
9647
9960
198
226
1813
2171
2609
3597
5043
6781
6997
7567
17
1646
2157
3248
5835
5863
6652
6748
8388
9334
1741
2310
2778
3910
6049
6162
8869
9265
9549
9955
528
669
1112
1642
4901
5445
6188
8309
8524
9681
572
2532
2662
3900
4270
5198
5271
5647
5763
8376
154
2040
4135
4433
4970
6454
7881
9112
9197
9913
1547
3973
3980
6699
7486
8605
8717
9149
9389
9546
1375
1865
2388
3986
4053
4534
5255
5670
5833
9241
1561
1592
3317
3624
4604
6354
9065
9071
9424
9971
391
2362
4145
4990
5404
5408
6810
6949
7293
9233
1100
1444
2042
3279
3624
6185
7341
7435
8507
9810
184
448
490
1024
1835
4689
5307
5686
7137
8665
1546
3041
3857
5657
6549
7204
8063
8099
9469
9740
380
1472
2206
2672
3237
3462
8385
8501
8713
8829
879
1268
2399
3154
3844
5911
6432
6840
7331
9975
803
1257
2858
3182
3684
3986
6636
6877
7651
8729
621
727
732
2907
3410
4411
8239
8534
9246
9329
57
59
923
1054
3216
5557
6285
8556
8926
9477
373
382
1353
1439
2438
3317
4225
6713
9398
9664
265
803
1313
1475
2492
3264
3412
4618
6214
6568
1709
2559
2924
3499
4918
5708
6766
8758
9111
9366
1002
1724
4073
4501
5789
7852
8221
8730
9090
9337
3185
4113
4152
5015
5080
5222
6597
6702
9290
9908
408
2709
4208
4263
6124
6233
6800
7159
9814
9868
858
953
2465
3174
4660
5672
6168
6717
6748
9143
1173
2667
5099
5213
6444
7924
8413
8761
9752
9862
1919
4046
4204
5700
6079
6209
7080
7625
8200
9032
820
1689
2518
3199
4294
5369
6207
9357
9363
9544
3073
3673
4840
6508
7420
7480
8639
8803
9260
9807
386
668
701
1391
3387
7056
7864
9340
9895
9918
1858
1933
2220
2608
7045
7585
7708
8179
9143
9333
220
728
887
2559
2901
5652
7223
8977
9420
9851
462
984
1696
3740
4293
6033
7182
8036
8384
9917
325
1431
1957
3845
5769
6071
7761
8720
8830
9972
1524
2201
2402
3256
4043
5132
5621
5627
5895
7158
41
1779
2252
5347
5705
6683
6932
7033
9215
9596
1035
1562
2582
3535
4129
6631
6961
7805
8054
9636
147
5311
5687
5870
6037
8326
8453
9636
9642
9936
491
1780
2928
3389
4115
4787
5962
6775
8553
9132
597
1879
2740
3028
3797
6103
7690
8018
8119
8505
135
1299
2129
2344
2999
6675
6818
7329
7528
9931
1323
2810
3847
3871
3999
4493
5149
5847
9031
9241
416
1537
1853
2954
5528
6054
6660
7281
7525
8258
710
3211
3407
4496
4509
4996
5361
6153
9047
9291
1443
2799
3148
3992
4264
4639
5815
6563
9628
9647
73
1345
1572
3487
3854
5765
6280
7272
7755
9764
297
589
1028
1509
3448
4756
6456
6525
8115
8377
1648
1929
2011
3916
4425
4864
6801
8143
8390
9944
343
614
1917
3167
3420
4453
6971
7512
8405
9444
397
796
1443
2590
2865
3112
5897
5985
8017
8993
742
2164
2457
2587
2833
3661
4472
6159
6766
9408
994
1251
3839
4818
6893
8379
8444
8644
9830
9896
284
1852
2171
2771
4501
4999
5020
5452
5724
9335
787
1390
3583
5299
7115
8613
8876
8997
9548
9910
446
1994
4377
5814
6833
7143
7807
8112
8264
8684
250
1090
4314
4334
6318
7521
8463
8539
8781
9056
732
2673
3333
4436
5404
6143
8480
8940
9656
9795
730
2022
3654
4187
4624
4759
6021
6871
9823
9859
452
1521
3695
4916
5595
6129
7863
8150
8696
9654
1359
2703
3876
3889
4513
4997
5360
5798
6456
8105
890
2678
2731
4665
5637
6251
8025
8912
9410
9493
1041
1648
1681
2118
3305
3497
4403
5192
6870
7779
384
523
889
1479
1821
2690
2933
6226
7973
8366
759
1345
1919
2040
2473
6547
6784
7011
7185
8688
281
1315
1379
2085
2129
4338
6601
7056
7678
7876
609
1878
1948
2603
4135
4432
5292
5549
8185
9016
245
520
591
1158
1515
2152
2526
4186
9559
9693
1174
1823
1937
3061
6208
6612
7207
7371
8060
8887
17
1912
3189
4577
4782
4877
6072
7662
7871
9391
348
1420
2114
3089
6041
8261
9052
9160
9706
9757
960
2203
3602
3660
3695
4464
5770
5945
6040
7587
736
1428
2108
6389
6704
6851
8188
8334
8956
9358
1438
1881
2756
2872
4603
7263
8311
8877
9770
9872
1602
2070
2328
3142
3384
5827
6128
8989
9143
9398
490
1086
1310
1312
2331
5559
5699
6034
8109
8729
277
840
1782
2764
4071
4339
6204
7392
9205
9983
1527
1606
2938
3505
3651
4052
4744
5943
6401
8312
879
1044
1142
2604
3704
6349
6699
7734
8737
9755
1174
2614
2763
3294
4812
5314
6691
7991
9205
9904
1205
1264
1747
3379
5312
6122
6656
8031
8438
9520
1008
1302
2757
2913
2928
4742
6988
7365
8415
8972
990
2440
3486
4080
4575
4981
5734
6457
9149
9829
147
2279
2660
4504
4725
4903
5597
8733
8871
9621
834
2286
3354
4271
5476
7060
7928
8140
8724
9651
1979
2037
3012
3439
4731
5517
6039
7733
8133
8547
441
708
2742
2856
3234
6366
6379
6699
7672
9200
2191
3515
3759
3996
5328
7263
7693
8318
8740
9964
612
1880
2293
3798
3799
4987
6161
7556
8318
9637
1618
3151
3351
5207
5628
7582
7744
8334
9398
9936
223
1076
1756
2047
2293
2490
4858
4935
5264
5900
216
403
1190
2076
3723
4706
8219
8229
8890
9335
2030
2100
2297
4039
4752
5090
7097
7955
8624
9332
1482
3916
4258
5862
6467
7689
8039
8495
8562
9908
64
199
580
2002
2693
2902
3952
7187
9660
9862
457
618
669
915
1187
2072
2833
3596
3607
7622
1334
3087
3837
4961
6323
7157
7633
7648
8233
8401
514
1246
2153
3996
4010
5404
6432
7574
8591
9190
1357
1787
2597
3841
4551
4662
6377
7476
8023
8639
829
1185
1625
2569
2806
2824
4457
5276
8077
9732
158
229
2427
2584
3844
6552
7716
7997
8546
9443
245
1396
1769
3898
4306
5818
7324
7940
8968
9887
98
1459
1489
1860
4399
5009
5740
6085
7271
8666
2194
2291
2321
2646
2905
5729
6783
8483
8726
9971
1481
1719
1843
2424
2455
4052
4570
5136
6083
7589
491
512
1342
1476
3601
4702
5017
5589
7685
8271
1198
1863
1971
4650
5025
5210
5337
7653
7658
8193
566
644
2088
3156
5377
6024
7268
9593
9799
9818
304
2509
4193
4467
4625
4630
4899
5826
6902
7375
176
1104
2116
2757
3189
5032
5385
6793
7033
9124
1535
2589
3554
4343
4987
5577
6698
7547
7799
8439
690
794
1681
1755
2835
5063
6537
8144
8806
9361
2505
2843
3107
4584
5369
6106
6295
7314
8474
9412
87
1025
1144
4287
5052
5720
5764
6562
7160
7213
1099
1139
3028
5090
6051
6797
7067
8821
8973
9420
1939
3325
3760
4879
6710
6818
7278
7385
9395
9783
564
587
660
1569
2514
4481
4695
5135
7661
9645
1860
2035
4302
4483
4896
5161
6289
6726
7985
8259
828
1783
1827
2315
5438
6194
6298
6605
6832
9153
2395
3196
4052
4114
4844
5213
5432
6345
6855
9466
67
3110
5299
7117
7782
7834
8333
8356
8384
9159
1253
3041
4253
4723
5589
5708
7965
8918
9400
9660
1387
1675
2709
3734
4345
5253
6018
7001
8797
8916
1064
1592
2038
3355
5712
6831
7282
8612
8844
8943
1530
2584
4682
5873
6992
8131
8396
8998
9188
9485
568
901
5549
6651
7018
7543
7601
7669
8005
8352
1027
1414
1932
2852
3442
5498
6106
7787
8433
8956
1508
1832
1992
2113
2643
3589
7458
7548
8769
9594
1044
1535
1824
2134
3390
5941
6760
7389
7576
9280
223
1654
1675
2694
3798
4296
7894
8414
8442
8771
508
2017
4690
4724
4726
4739
4800
6323
6971
9552
2267
2378
3194
5501
5993
6489
7772
8325
8480
8900
562
575
2718
3150
4689
4697
4751
4825
5277
7838
121
218
794
1285
1994
2658
2838
6142
6738
6997
1414
3427
5391
5459
6881
7265
7695
9279
9499
9898
428
4195
4252
5556
5673
5741
7122
8969
9294
9320
676
1918
4065
5325
5460
7674
7723
7838
8528
8838
580
3060
3189
4373
4465
6427
7330
9467
9581
9748
2355
3640
4327
7085
7218
7501
8153
8810
8989
9056
257
543
3602
5293
6324
6763
6896
7595
7873
9190
1576
1928
2010
2599
3453
4263
5497
7043
8045
8551
344
2292
2414
3488
4104
4376
6150
8017
9567
9934
328
2850
3998
4061
4368
6016
6309
6338
6674
6733
825
877
1513
1978
2437
3271
4712
6323
6592
6946
459
1086
1923
1950
2159
4440
4548
5987
6033
6120
618
1009
5613
5994
6067
6668
6926
7371
7694
8051
2330
2808
4212
4287
4401
5042
7533
7953
8335
9657
3084
4203
4558
6648
6891
6973
7794
8098
8166
8867
183
2329
3145
3606
3942
6109
6787
7087
8415
8650
778
1489
2716
3768
3853
5006
5266
5957
6655
8293
235
329
1125
1495
1765
2140
6665
6850
8976
9030
1035
1100
2821
4272
5633
8288
8290
8641
9369
9586
1297
1896
2244
2988
3219
4241
4656
5988
9034
9169
825
836
2350
2664
6412
6654
7477
7596
8114
8619
129
4023
4093
4159
5962
7251
7609
7727
8176
9038
1438
1888
2653
3662
4269
4424
4698
4887
4995
9218
1613
2890
3028
4667
5043
5348
5900
5914
8864
9288
273
622
1501
2573
4939
5692
6158
6911
7298
7818
667
2333
4256
5469
5812
6722
6910
7688
9386
9409
390
864
2191
3262
6607
6628
7167
7904
9522
9784
199
542
609
1886
4228
4543
4681
5211
6717
7104
71
2726
3809
4247
5175
5959
7028
7776
8281
8912
8
214
4029
6173
7144
7654
8162
8730
9197
9760
2517
3172
3865
4406
5521
5960
6320
7005
8118
9415
505
815
1814
4723
5093
6267
6957
8429
9463
9826
359
2154
4429
4869
5889
6273
6400
7951
8519
9797
70
840
1454
1663
3916
4700
5070
6683
7556
8478
723
853
1100
1693
3694
4863
5475
6412
7448
7489
946
4275
5396
5784
6627
7486
8421
8651
9465
9747
1887
2081
3369
4561
4620
5066
5491
6897
8499
9405
69
833
5469
5585
6266
7234
8084
9597
9645
9711
2067
2868
3501
3855
5048
5580
8331
9265
9283
9417
617
2133
3872
6444
7185
7907
8340
8532
9295
9904
1187
2003
2454
2618
2720
3920
4846
7233
9589
9720
202
818
1795
3161
3230
4181
5126
5867
7739
9120
433
1032
1268
2972
4505
5665
6127
7553
8233
8907
521
978
1493
4170
4196
5566
6224
8535
8932
9917
1133
2166
2915
3108
3391
6100
6453
8926
9690
9994
413
1552
4375
4750
5280
5478
7631
8460
8892
9561
13
93
1569
2007
2926
3013
6703
7724
8645
9494
1837
1926
2297
3180
4432
4718
5093
6337
6775
9899
1137
1264
1423
2056
3458
3590
3965
7476
8955
8989
25
37
331
1387
3047
5264
6195
7401
7683
9278
1246
2495
3421
4752
5169
5666
5889
7453
8274
8750
689
1753
2180
2224
3140
3490
7481
8502
8733
9682
1034
1411
2379
2624
3449
3898
5506
7119
8742
9471
52
1191
3309
3891
3943
4139
4322
5214
8489
9113
284
726
1652
1945
2033
3059
6300
6432
6491
9016
768
1210
2036
2218
3845
6439
6729
7049
9133
9227
1305
1394
1545
1784
2023
2648
3761
5658
7059
8323
789
2685
3999
4148
4224
4371
5335
6716
7114
9335
648
1012
2442
3517
4646
5104
5839
7164
7901
8244
991
1844
2010
2213
3032
3379
4718
7167
7590
8866
62
613
1793
1794
2229
3035
4591
5581
6245
7471
18
1789
3172
3793
6288
8110
8512
8780
8954
9224
484
1066
2226
2862
3109
3781
4879
8340
8720
9557
3504
4568
4766
4850
6102
7341
8017
8303
8713
9847
131
3019
4479
4792
4920
4921
6663
8854
9214
9759
679
812
1288
1630
2120
2840
4442
7653
9006
9716
358
507
1042
3163
5827
6987
7663
7907
9452
9559
413
456
1301
1399
5147
6604
6921
7242
7789
8146
518
563
2413
2747
7220
7430
8318
8521
8840
9599
126
2894
4884
5164
7278
9038
9417
9606
9853
9909
1303
2518
3923
4030
4978
6384
7137
7522
8623
8873
109
1830
2247
3341
5157
6473
7398
8493
8552
9950
459
1958
2814
3055
3420
3617
4711
5396
6751
7548
270
351
554
612
1425
1964
2870
3878
7095
9807
1243
2103
2472
2815
2973
3083
3287
3444
5457
7644
43
471
890
3115
3738
7483
7817
8742
9522
9654
1546
2628
3527
4157
4865
5233
7287
8067
9185
9958
241
773
2355
2803
3307
6162
6470
8794
8980
9778
76
1076
1140
1456
3602
3847
4506
4691
5859
8768
2573
3773
4964
6081
6218
6412
7212
7733
7808
9797
1325
1344
2160
2741
4086
4784
6775
8059
8766
9456
277
1709
2510
2929
3314
5156
6210
6429
8191
9170
456
2836
3481
4765
4895
5747
6299
6966
9903
9917
295
655
3985
4182
4637
5272
5843
7661
8349
9493
1660
2038
2477
3924
5185
5243
6612
6748
8192
9668
815
1023
1220
1697
2555
3556
3912
4359
6108
7027
2015
2087
2256
2519
2637
4345
5621
5668
6179
6315
327
381
1103
1754
2453
4631
5349
6127
8010
8038
71
549
857
934
3452
3488
4093
8877
9817
9822
1530
2008
3711
4549
4837
5477
6662
7422
8825
8856
440
559
2293
2357
2432
2443
6276
6419
8775
9241
1549
2560
3258
3776
6050
6715
6897
7322
8847
9511
551
948
2972
3063
4693
8843
9173
9267
9312
9951
21
900
4169
4250
5163
6840
7379
7799
7888
8564
1950
2832
4706
5186
5347
6708
6797
9485
9768
9780
508
730
848
1749
2786
5457
6872
7895
9236
9276
1702
2112
3452
3734
7394
7544
8603
8757
9272
9475
372
592
1038
1524
2361
3772
3851
5140
6337
6373
826
1952
3299
4414
5367
5678
5784
7346
8279
8805
330
1587
2598
3423
3592
4441
5134
7129
7157
9618
1937
2462
3139
4565
4586
4823
5215
5305
7094
7234
1047
2837
4930
5073
6069
6077
6098
6794
7643
9895
35
1320
1875
1943
2801
5591
9007
9650
9945
9963
95
1659
5786
6755
6802
8216
8639
8870
9119
9597
5232
5584
6201
7525
8331
8858
9002
9199
9583
9968
988
3317
3693
4900
5058
6871
7631
7708
8336
9556
455
3207
3905
4542
4958
5394
5803
6672
8537
9252
584
1934
5244
5548
6001
6198
6597
7064
8712
9906
1305
1358
2782
2854
6720
7219
8078
8512
9232
9560
1143
1738
3202
3313
3702
4224
4677
6533
8824
8981
621
1855
4964
5542
7322
7715
8312
8324
8637
9853
2141
2744
3070
4440
4732
6438
7340
7746
9506
9510
1221
1512
2936
2940
3248
3334
3658
4707
8131
8458
633
928
3571
6382
7082
7617
8579
9382
9582
9941
445
2455
3691
3719
4608
6115
8234
9107
9598
9921
1469
1774
2322
2896
3626
4490
4767
7132
7498
9450
78
574
1335
4300
6235
6865
7810
8739
9207
9992
521
662
2351
3081
3438
4797
8349
8510
9601
9788
325
2134
2343
2798
4354
4933
6004
6235
6769
8310
2743
3519
3730
3819
4432
5865
6956
7699
8265
9891
3586
4171
4866
5858
6888
7546
7670
8079
8383
8873
473
1028
1497
1810
1871
2213
4306
5028
7957
9603
43
406
866
1520
2131
4088
5139
6167
7234
8117
1021
2889
2910
3014
4499
4968
5408
6489
6566
6706
855
1455
2689
3612
4799
6929
8226
8391
8790
8798
425
1723
4558
4869
6883
7094
7710
7760
9450
9819
152
371
1184
1694
2457
3988
4015
8170
8223
8506
702
1525
6453
6665
7307
8504
8574
9360
9470
9945
311
692
2616
3696
4197
4830
5309
8411
8493
9960
1591
2396
3781
3807
4173
4769
7360
7994
8604
8965
1406
1614
2952
4260
4800
5524
5577
6414
7059
7156
543
924
3016
3855
5440
6428
6639
8471
9665
9678
820
1391
1706
4796
5897
5943
6463
8026
9200
9841
893
1361
2188
2345
2533
5685
6364
7585
9627
9838
1663
4654
5547
5711
6953
6959
7915
8539
9425
9659
2341
2750
3415
5765
5778
5986
7027
7052
9009
9406
1162
1741
3737
6290
6699
7786
8049
8167
8268
9912
1702
1779
2204
3734
4637
5384
5385
6765
7147
9603
227
1877
1918
4602
5975
6088
6803
6879
7896
9030
155
681
2131
2696
3328
7228
7429
8333
8746
9835
903
1002
2611
5128
5313
6410
7026
7514
7561
8911
917
1311
2439
4129
4340
5624
6211
6610
8356
9037
121
1044
4357
4383
5375
5600
5882
6028
6294
6308
2143
5420
6420
6855
7421
7952
8234
8796
8932
9945
3301
3429
4411
5100
5732
6678
7100
7947
9229
9509
1361
1687
1780
4549
7901
8306
8311
8850
9510
9752
971
2974
4472
4496
4694
5529
5534
6226
6761
8057
1519
1683
4019
4101
4672
4691
4977
5731
8667
9852
257
1490
3553
5221
5942
6520
7494
8123
9133
9777
507
1679
3153
3899
4479
4626
5097
5419
8270
9016
182
1949
2270
2437
3695
4800
6201
6582
7562
8029
347
1994
2767
3125
3211
4329
4838
5257
6077
9363
863
1292
1392
5361
6140
7238
7638
8546
9060
9784
288
407
1308
4670
5209
7288
7954
8381
8509
8751
178
194
373
2154
2689
5180
5222
6773
8131
8246
691
1823
4181
5669
6398
7922
8354
8974
9449
9773
1161
2745
4722
4804
5546
7854
8498
8890
8952
9492
443
482
723
1694
3341
3463
4496
5282
5423
8690
113
971
1164
1402
3226
4783
5330
5420
5515
7273
542
1542
1968
2111
2777
2909
4278
7027
8529
9903
1830
1935
3661
3792
3869
4745
5873
7310
8375
8949
507
926
1530
3076
5810
5887
5889
6030
7432
7468
646
3030
3279
4981
5144
5287
5460
5518
9243
9786
871
1672
2884
4352
4378
5973
6072
6770
7960
9196
295
2012
2930
3916
5123
5430
5670
7098
8499
8570
1683
2524
2598
3428
4553
5527
6433
8010
8795
8815
1548
1718
2253
2937
3122
3570
4212
5305
7883
8057
1300
2302
3919
5692
5774
6427
6724
7127
7651
9175
635
2332
2485
3688
4125
5698
6564
6662
7812
9423
2266
3210
3483
5146
5198
7071
8021
8993
9437
9571
1596
1688
1837
2466
2652
2737
3382
7120
9755
9985
2278
2733
3496
3626
4442
4509
4870
5340
7309
8023
809
1234
1396
1939
2620
3189
3668
4765
8712
8869
1720
2084
3342
4624
5482
5640
6728
7719
8169
9167
515
1047
1923
2652
3976
6572
6671
8469
9774
9859
1421
1607
1644
2088
2753
3777
5186
5202
6312
9065
576
896
1560
1840
2041
2294
3158
3754
4013
9166
1180
1566
5265
5523
5867
5949
6615
6790
9177
9516
480
964
1331
2281
3092
3963
4081
5482
6825
7036
1725
2875
3229
4398
4700
4776
4911
7634
8453
9437
1610
1773
2731
3233
3758
6529
6624
7069
7181
8189
127
551
1922
1954
2626
6139
6227
8309
9016
9534
444
2234
3692
4026
5560
6102
6114
7641
8826
9270
42
848
966
1824
4409
4694
4831
6376
7789
9608
1121
1413
2365
3005
3854
4097
5290
6756
6894
7028
1128
1209
1583
2345
2361
2421
2501
5170
8992
9833
692
1267
2237
2837
4642
5705
5930
6850
7566
8118
2004
2455
2792
2971
3152
3624
5060
7057
9251
9800
67
1047
1136
3082
3497
4019
4784
4858
8364
9793
204
670
1691
2950
3071
3943
4620
4914
5244
8823
1985
2572
5372
5867
6001
7459
7587
8227
8953
9431
260
702
1871
1940
5791
6054
6580
7832
7964
9410
573
2730
3754
3790
4295
6220
7549
7573
8356
9946
3222
3460
4298
5036
5878
6141
6935
7703
8429
9874
171
934
2175
3382
4738
4868
7598
8139
9198
9259
563
889
2037
2058
3794
4608
5038
5486
7708
9156
1431
1976
3254
3324
5576
6375
6715
7471
8894
9920
1261
1326
3054
3448
3746
3955
5069
9212
9393
9459
402
1442
2480
2780
3781
4809
5416
7240
8305
9925
832
2331
3450
3967
4318
4577
6312
7621
9263
9520
15
553
1016
3847
4106
4956
5585
6092
6566
9229
685
3330
4358
4564
5147
5355
6320
7022
7356
9861
94
1370
2675
4089
5219
6315
7721
7998
9185
9590
2049
2956
3275
3819
7235
8173
8215
8606
9276
9990
40
683
1246
2965
3600
5697
6103
7909
8999
9686
248
592
2007
2362
4287
4820
6876
7382
8517
9653
1276
1722
2033
4800
6410
7072
7192
7492
8408
8650
1001
2544
2887
4236
4591
4756
5847
6285
8077
9929
66
2555
2597
2677
4531
5038
5756
7117
7138
7740
3079
3548
4247
5291
5672
6650
6797
6845
7737
8857
588
1025
1852
1853
2904
7440
7730
7831
8739
9034
2125
3054
4008
4205
4407
6130
7264
7434
9914
9962
118
1521
2025
2736
3362
4456
4945
5613
8845
9682
25
2116
4265
4266
4662
6469
7361
9251
9752
9785
205
639
878
3403
4251
4277
5960
6752
7881
8691
107
270
911
1636
4433
4940
5638
6052
7223
7501
21
797
921
2070
2411
2485
2858
4978
7619
8921
406
1134
1462
2119
2615
4316
4958
5510
6180
7137
1920
3317
3519
3826
5502
6120
6878
7547
9796
9990
631
851
1286
1445
1558
3188
3686
4620
7312
7510
700
2965
3232
3559
5291
6014
7085
8099
9554
9762
1568
3020
3308
3731
4824
5418
5666
5683
6596
8675
503
2321
3550
4347
4878
6680
7495
7926
9409
9668
247
281
704
1938
2731
3751
4412
6154
6400
9305
985
1304
1460
2809
3161
3258
3414
3493
3509
8440
186
374
3115
3790
4629
4850
5493
6454
9724
9898
1201
1980
2045
5747
5840
6917
7156
7974
8070
8942
606
1717
1772
2301
2663
3025
6882
7204
7220
8860
472
1331
1420
2349
2432
2620
2752
4168
5231
8204
443
835
2312
3410
3912
6321
6482
6877
8576
9849
388
916
1411
3109
5644
7154
8934
9080
9140
9941
178
754
1959
2807
3132
7043
8777
8781
8957
9133
917
1042
1314
1832
2497
2758
4165
7156
9110
9278
472
1162
1639
3019
5269
6550
6824
7993
9437
9582
1084
3040
4049
4291
4300
7096
7517
7614
9031
9569
3778
3871
5319
6862
7287
7369
7689
8587
8969
9774
669
923
2226
2444
2623
3139
4605
5203
8236
8694
598
1160
2195
3445
4342
5247
5319
6432
8893
9110
17
1010
2428
2533
3817
4314
5371
5454
6745
7263
19
4508
4962
6272
7968
8071
8235
8556
9539
9803
213
610
1752
1918
2267
4367
7026
8516
9040
9191
131
219
850
997
2034
2163
2219
2448
4820
8481
32
1158
1485
1993
2719
3642
4500
5598
8001
9836
495
2761
3839
4738
5763
6733
7049
7082
7738
9772
273
1173
1451
1494
2501
3745
5248
6979
7598
8817
1405
2564
5745
5933
6047
8161
8794
9055
9161
9303
1653
1711
2134
2145
2509
2554
6475
8436
8830
9752
46
1332
2721
3232
4719
6171
7945
8052
9348
9438
360
2964
3993
5349
6443
6581
6910
7188
7329
8962
339
451
498
554
1271
4087
9105
9447
9693
9706
131
212
447
1309
1452
1972
2597
2823
5022
8555
54
1753
2708
3878
4157
4858
4929
6942
8068
8205
1381
3385
3680
5317
6881
7102
7477
7649
8438
8528
1155
1986
2235
2494
3914
4109
5994
6209
7174
9030
955
1447
2829
4234
6626
6632
6747
7437
8036
8976
598
602
2055
3693
3843
4757
5288
5576
6538
9428
2606
3802
4202
4800
6277
6329
7178
7757
8503
9534
541
551
1929
3175
5533
5634
6407
7615
7947
9979
306
1795
2420
3467
3708
4902
5202
5259
5759
8651
2753
3641
3751
5021
6435
7354
8135
8375
9278
9986
1913
2956
3490
4357
4764
5391
5498
6006
6679
7515
654
1994
2685
3964
6997
7366
8760
9406
9933
9974
59
275
1292
1678
2309
2968
4011
5097
8853
9877
2015
2027
3373
3611
4819
5768
5780
8164
8237
8843
1518
3447
3870
4760
4889
6076
6564
6971
7278
9511
451
514
3102
3894
6304
6806
6808
6853
7137
8770
675
1345
1519
1813
3051
4417
4423
5567
6597
7022
1588
2010
2247
3388
5455
5882
6107
7490
7881
9314
2116
2538
3070
3187
5609
5634
5680
5789
8713
9550
408
688
1884
1920
1934
6357
7124
7463
8969
9154
2538
2913
3321
4467
5632
6174
8569
8786
8857
9569
592
1545
2466
3617
6726
7218
7272
7520
8508
9009
199
927
1171
2021
4048
4303
4643
6856
7242
9521
101
1025
1635
2239
3852
4356
4416
7848
9524
9801
778
1683
2112
3034
3796
6957
7010
7440
8092
8681
192
237
2420
3490
3499
5852
6691
6785
9234
9380
338
2053
2189
2785
3138
7909
8086
9403
9916
9976
77
1189
1222
3219
3344
4363
5897
6269
7279
8978
1046
1392
1468
3744
4090
4222
4882
6452
6699
7430
870
1738
2329
3926
4576
5849
7434
8256
8343
9429
278
341
796
3682
6395
6396
6700
8087
8597
9732
459
2098
4042
4645
4973
6244
7244
8776
9546
9777
125
2420
3806
4396
4881
7038
8229
8502
8512
8613
944
1313
2684
3119
3900
3912
7213
7371
8204
8915
538
1113
2289
2844
3669
5683
6417
7044
7439
7956
77
933
1079
1524
1871
4335
5374
5831
6459
9216
49
103
321
675
1204
2934
3140
5785
8119
8327
2838
3307
3619
4748
5798
6423
6645
7529
8131
9264
2717
3238
3421
3742
4213
4958
5691
7482
7634
7682
956
1492
2974
3270
4856
5112
6088
6738
7797
8547
202
3276
4406
4455
7222
7672
8618
8771
8794
9502
211
1528
1626
3317
4949
5176
6056
7379
9117
9731
653
1221
2897
2949
3310
3677
5685
6591
6751
9700
800
1565
2928
4592
5047
6514
7046
8100
8642
9565
974
1994
3262
3310
3724
4195
4307
4463
5160
5404
36
534
810
1015
1706
3653
3957
5814
6289
7436
1097
1345
1656
2763
2848
6186
6836
7930
8724
9147
481
516
1344
1704
3592
5519
6104
6406
7902
8722
3330
3728
5034
6161
6715
7939
8145
8832
9843
9980
269
1094
1763
2252
3559
4390
5715
5729
8327
9796
392
1233
2947
5639
5685
5916
6247
6395
7484
8684
1933
2041
3546
4856
5900
6640
6642
6971
7098
7365
468
1059
1104
1953
2263
3390
3417
3456
4923
5338
3215
3656
4218
5765
6218
7840
8380
8390
8482
9216
183
4862
5095
5405
5526
5554
5937
9030
9138
9940
847
886
2087
2547
3582
5113
5251
5345
5971
7788
1458
3051
3307
3321
3406
4689
5133
5437
9442
9977
3021
3217
3931
4256
4575
5675
6313
6387
7228
7688
866
1113
1231
1269
2811
4079
4606
5780
6872
8704
330
2730
3552
7517
7773
7828
8233
8325
8367
9388
116
2013
2637
2931
2946
6631
7900
9297
9508
9726
1713
5239
5787
5940
6144
7273
7604
7834
7953
8251
558
797
1489
1491
3144
4234
6650
8192
8264
9955
15
1635
1687
2230
2608
2613
5701
6036
6539
7852
15
1491
1635
1687
2230
2238
2608
2613
3379
4509
4760
5701
5850
6036
6539
6692
7593
7852
9415
9853
15
541
987
1635
1687
1831
2230
2273
2608
2613
5701
6036
6539
7852
7932
8429
8601
9112
9172
9267
15
1487
1509
1635
1687
2230
2479
2608
2613
2967
3714
3919
4368
4589
5701
6036
6330
6539
7852
8765
15
1576
1635
1687
2230
2463
2608
2613
4496
5223
5296
5701
6036
6539
7109
7120
7852
8046
8189
8811
15
1635
1687
2230
2608
2613
3640
4331
5045
5701
6036
6539
6647
7147
7852
7918
8207
8212
8680
9505
15
502
962
1020
1207
1635
1687
2123
2230
2608
2613
3041
3287
4934
5701
6036
6539
7371
7803
7852
15
1112
1635
1687
2230
2608
2613
4480
4680
5089
5701
6036
6131
6539
7852
8609
8618
8826
9023
9982
15
1635
1687
2230
2608
2613
3121
3179
3928
3965
5701
6036
6372
6539
6791
7767
7852
7900
9135
9579
15
1201
1635
1687
2230
2608
2613
2797
4057
4845
5701
6036
6539
6751
7435
7852
8178
8313
9039
9970
15
664
902
1204
1635
1687
1895
2230
2608
2613
2690
4619
5170
5422
5701
6036
6130
6539
7852
9610
15
732
1079
1635
1687
2206
2230
2526
2608
2613
5021
5335
5701
5863
6036
6539
7189
7852
9062
9824
15
1635
1687
2154
2230
2344
2608
2613
4314
5149
5701
6036
6410
6539
7412
7852
8283
9167
9265
9748
15
213
235
845
1635
1687
1699
2179
2230
2290
2608
2613
4327
4414
5701
6036
6539
6912
7294
7852
15
1635
1687
2230
2368
2608
2613
2680
4000
4057
5127
5701
6036
6244
6539
6597
6859
7852
8851
9844
15
1296
1635
1687
1774
2230
2352
2608
2613
3789
4013
5569
5701
6036
6054
6467
6539
6597
7852
9615
15
991
1635
1687
2230
2608
2613
3203
4544
4589
4916
5701
5800
6028
6036
6539
7419
7852
8355
8977
15
619
773
1635
1687
2230
2608
2613
3429
4203
5156
5229
5701
6036
6345
6464
6539
6570
6634
7852
15
461
680
1635
1687
1838
2230
2608
2613
3306
4052
5321
5701
5888
6036
6539
7852
8806
9051
9816
11
15
84
1521
1635
1687
2230
2608
2613
2923
5425
5701
6036
6186
6539
7149
7642
7852
7936
8080
15
1395
1635
1687
2230
2491
2608
2613
3900
5701
6036
6076
6539
6550
6569
6886
7852
8496
8601
9805
15
492
687
996
1635
1687
2230
2608
2613
3217
4034
4367
5701
5852
6036
6322
6539
7852
8769
9901
15
78
419
989
1439
1635
1687
2175
2230
2608
2613
4941
5333
5701
6036
6539
6667
7200
7852
8099
15
342
420
602
1417
1635
1687
1986
2230
2608
2613
4667
5015
5125
5701
6036
6539
7852
9520
9853
15
564
1293
1635
1687
2173
2230
2446
2608
2613
2991
3076
4748
5701
5813
6036
6539
7737
7814
7852
15
895
1368
1635
1687
2230
2379
2608
2613
2684
5469
5701
6036
6231
6493
6539
6559
7852
8135
8425
15
609
1025
1436
1635
1653
1687
2230
2608
2613
5112
5393
5453
5701
6036
6539
7540
7852
9217
9298
15
872
1012
1479
1635
1687
2230
2608
2613
3511
3709
4304
5608
5621
5701
6036
6151
6539
7313
7852
15
1292
1635
1652
1687
2167
2230
2314
2608
2613
2776
4889
5701
6036
6539
6593
7852
8028
8665
9006
15
1635
1687
2099
2230
2608
2613
2988
4278
4997
5675
5701
6036
6539
7293
7852
8578
8709
9223
9385
15
1635
1687
1949
2230
2608
2613
2797
3330
3362
4171
5665
5701
6036
6539
7711
7852
8632
8667
9840
15
887
1635
1687
1698
2230
2256
2608
2613
2756
2898
4009
4840
5701
5744
6024
6036
6189
6539
7852
15
139
529
1635
1687
1830
2159
2230
2345
2509
2608
2613
4014
4215
5431
5701
6036
6040
6539
7852
15
1498
1635
1687
2190
2230
2608
2613
3323
5247
5571
5571
5701
6036
6157
6505
6539
7852
9530
9693
15
1635
1687
1921
2097
2230
2608
2613
2690
3093
3210
5155
5566
5701
6036
6223
6230
6539
7852
9831
15
171
1635
1687
2230
2580
2608
2613
3061
3261
5529
5701
5753
5802
6036
6089
6539
7852
8397
9277
15
627
695
1135
1635
1687
1976
2230
2608
2613
2854
3196
4277
5701
6036
6438
6539
7852
7979
9857
15
1635
1687
1719
2230
2608
2613
3946
4482
5046
5096
5662
5701
6036
6171
6539
6863
7599
7852
9355
15
1354
1635
1687
2230
2608
2613
3301
3576
3584
3640
4225
5701
6036
6038
6267
6539
7852
8500
9619
15
348
1635
1687
2230
2608
2613
4206
5701
5813
6036
6153
6539
7852
7937
8319
8427
8807
9337
9698
15
1032
1635
1687
1811
2230
2365
2479
2608
2613
2988
5701
6036
6539
6697
6788
7748
7852
7863
8073
15
464
858
1635
1687
2230
2407
2608
2613
3137
3723
5701
6036
6539
6655
6690
7602
7852
8677
9821
15
43
1635
1687
2230
2363
2608
2613
2885
3813
5042
5488
5701
5774
6036
6060
6539
7459
7852
9113
15
417
1063
1272
1545
1635
1687
2230
2608
2613
3470
3648
5153
5701
6036
6539
6568
6580
7852
8024
15
251
966
1635
1687
2230
2608
2613
3366
3743
4113
4382
4682
5046
5215
5701
6036
6539
7852
8305
15
1635
1687
2230
2486
2608
2613
3449
3560
3652
4491
5701
6020
6036
6225
6539
7551
7852
8842
9122
15
1482
1635
1687
1736
2230
2608
2613
3283
4090
5701
6036
6180
6539
6795
7410
7852
8663
8890
9641
15
1635
1687
1838
2230
2608
2613
3022
3116
3611
5223
5701
5898
5916
6036
6488
6539
7326
7852
9810
15
1635
1687
2230
2608
2613
2960
4085
4276
5636
5701
5907
6036
6482
6487
6539
6810
7852
8163
9053
15
25
791
1635
1687
2230
2608
2613
3004
3287
5701
6036
6271
6409
6539
7852
8247
8402
8639
9939
15
1126
1635
1687
1814
2230
2608
2613
3443
4350
5039
5588
5701
5818
6036
6539
6940
7290
7428
7852
15
756
833
1635
1687
2230
2608
2613
2973
3646
3912
4491
4515
5701
6036
6290
6539
7387
7852
9317
5
15
174
1635
1687
2230
2608
2613
4078
5345
5668
5701
6036
6381
6539
7852
8650
8807
9375
9823
15
320
525
870
1635
1687
2230
2608
2613
2852
3157
3541
4165
4333
5404
5701
6036
6539
6984
7852
15
148
1509
1635
1687
2230
2608
2613
3605
4205
5061
5320
5701
6023
6036
6539
7056
7787
7852
8448
15
1635
1687
2230
2608
2613
3549
3772
4254
5701
6036
6051
6504
6539
6654
7828
7852
7877
9713
9922
15
1130
1635
1687
2230
2608
2613
2746
3543
3738
5701
6036
6345
6539
7061
7653
7852
8107
8353
9658
15
701
771
1607
1635
1687
2230
2545
2608
2613
3873
5112
5701
6036
6122
6539
7852
8071
8711
9497
6
15
1635
1687
2230
2608
2613
2619
3524
5565
5581
5687
5701
5857
6036
6536
6539
7852
8281
8417
15
1635
1687
2230
2394
2608
2613
3828
4193
5596
5701
6036
6539
7852
8246
8757
8787
8984
9214
9551
15
199
420
504
1635
1687
2230
2608
2613
3735
4373
4436
5435
5701
6036
6539
7140
7852
8466
9330
15
1635
1687
1731
2230
2608
2613
4040
4245
4308
5701
6036
6279
6464
6539
7017
7852
8296
8763
9434
15
174
1635
1687
1714
1784
2230
2368
2608
2613
2625
2841
2913
3674
5701
5854
6036
6539
7128
7852
15
46
587
1635
1687
2230
2608
2613
3347
3442
4124
5330
5701
6036
6480
6539
6606
7852
8034
9718
15
1635
1687
2230
2608
2613
2962
2973
3230
5701
6036
6395
6539
7126
7279
7463
7852
7994
9738
9922
15
1635
1687
2230
2608
2613
4719
5253
5666
5701
5772
6036
6539
7168
7332
7367
7852
8589
9954
9992
15
960
968
1635
1687
1858
2230
2608
2613
4033
4246
4339
5701
6036
6539
7132
7247
7852
8273
8976
15
768
1635
1687
2230
2608
2613
3417
3563
3566
3611
3987
4232
5472
5596
5701
6000
6036
6539
7852
15
103
1635
1687
2230
2608
2613
3553
5701
6036
6539
6776
7213
7574
7852
7929
7960
8211
9340
9738
15
626
1635
1687
1756
2230
2237
2608
2613
3446
4543
5613
5701
6036
6539
7756
7852
9091
9279
9326
15
1089
1635
1687
1771
2230
2270
2608
2613
3239
3534
3899
5701
5953
6036
6539
7427
7852
8587
8944
15
45
1116
1159
1635
1687
2230
2608
2613
3747
4400
5701
5892
6036
6539
6629
6630
7852
8492
9575
15
291
723
1635
1687
2230
2608
2613
3176
3870
4671
5207
5701
6036
6539
7852
8929
8938
9381
9921
15
1635
1687
1717
2112
2230
2608
2613
4782
5411
5701
5799
6036
6539
6576
7006
7196
7852
9300
9477
15
1484
1635
1687
2221
2230
2608
2613
2825
3335
4333
5701
6036
6174
6539
7353
7852
8030
9394
9863
15
198
627
827
1548
1635
1687
2230
2608
2613
2762
3203
3381
3815
5701
6025
6036
6539
7852
8625
15
192
1635
1687
1715
1906
2230
2608
2613
3266
3604
4498
5701
6036
6160
6539
7365
7478
7730
7852
15
1635
1687
1719
2230
2313
2421
2608
2613
5069
5701
6036
6296
6539
7236
7806
7852
9172
9179
9900
15
414
567
1635
1687
2230
2608
2613
3101
3405
3414
4893
5286
5339
5701
6036
6539
7014
7852
9212
15
320
755
1635
1687
2230
2608
2613
2837
3586
3631
4253
4782
5521
5655
5701
6036
6539
6965
7852
15
1553
1635
1687
2230
2608
2613
2833
3060
3092
3910
4140
5701
6036
6539
6718
7068
7852
8629
9750
15
1635
1687
1698
2230
2389
2608
2613
2720
3879
4748
4955
5323
5701
6036
6329
6539
7852
8820
9842
15
1516
1527
1635
1687
2036
2166
2230
2346
2608
2613
3449
3604
5411
5701
6036
6539
7852
8210
8317
15
1097
1635
1687
1688
2230
2606
2608
2613
3091
4526
4548
5701
6036
6539
7178
7852
8096
9859
9891
15
653
1635
1687
2147
2230
2486
2608
2613
3209
3748
4242
5061
5701
6036
6407
6539
7852
7949
9111
15
747
1131
1635
1687
2230
2608
2613
3098
3173
3502
5269
5701
6036
6539
6649
7852
8558
9220
9825
15
1635
1687
2168
2230
2608
2613
2919
4036
4982
5310
5458
5701
5899
6036
6539
6596
7852
9341
9786
15
130
1635
1687
2230
2608
2613
2651
3234
3786
4074
4551
5701
6036
6539
7852
7881
7891
8449
8913
15
971
1112
1635
1687
2230
2608
2613
4076
5348
5624
5701
6036
6539
6666
7652
7672
7852
9638
9780
15
304
340
896
935
1235
1635
1687
2230
2608
2613
4730
5701
6036
6539
6729
6808
7852
8636
9974
15
1635
1687
2230
2608
2613
3030
3393
4730
4936
5195
5701
6036
6364
6539
7852
7965
8726
9195
9351
15
539
1635
1687
2230
2524
2608
2613
3525
3584
5701
5733
6036
6054
6539
7707
7852
7900
8846
9427
15
417
796
1635
1687
2230
2608
2613
3744
4524
5701
5716
6036
6284
6539
6858
7852
8579
8719
9239
15
23
1237
1635
1687
2230
2583
2608
2613
4915
5084
5094
5701
6036
6111
6539
6741
7224
7852
9367
15
1635
1687
1848
2230
2608
2613
3443
5205
5701
6036
6052
6539
6825
7123
7136
7267
7427
7513
7852
15
398
1635
1687
2230
2608
2613
2862
3607
4327
5158
5701
6036
6472
6539
6573
6946
7852
8033
9853
15
781
1515
1635
1687
1820
2224
2230
2608
2613
3017
3627
4192
4507
5191
5701
6036
6539
7852
9904
15
600
1635
1687
1946
2023
2230
2608
2613
5701
6036
6269
6539
7852
8703
9046
9103
9151
9577
9656
15
47
1255
1635
1687
2230
2549
2608
2613
3144
3176
3490
4004
5061
5701
6036
6539
7378
7631
7852
15
532
674
1336
1635
1687
2085
2230
2608
2613
2788
3183
3582
5701
6036
6539
7813
7852
7859
9486
15
325
715
822
1458
1635
1687
2230
2608
2613
2798
4691
4905
5701
6036
6149
6333
6539
7852
9020
15
1635
1687
1884
2230
2533
2608
2613
4124
5311
5701
6036
6539
7642
7852
7976
8319
9625
9629
9852
15
119
1635
1687
1996
2230
2608
2613
2812
3497
3700
3749
4542
5701
5931
6036
6192
6539
7427
7852
15
1031
1462
1635
1687
1692
2202
2230
2608
2613
2848
3044
5534
5701
6036
6539
6660
7071
7747
7852
15
662
1635
1687
2093
2230
2608
2613
5205
5594
5701
5748
6036
6440
6539
6585
7111
7852
8255
8727
15
300
1184
1635
1687
2230
2608
2613
3957
4158
4197
5155
5596
5701
6036
6539
7363
7852
8100
8103
15
330
889
1049
1635
1687
2030
2230
2608
2613
4359
5701
5930
6036
6539
7849
7852
8043
9185
9855
15
266
724
1635
1687
2230
2307
2608
2613
3639
4674
5007
5701
5793
6036
6399
6483
6539
7852
9379
15
1594
1635
1687
1934
2156
2230
2608
2613
3201
4693
4997
5701
5786
6000
6036
6539
7008
7852
8182
15
632
1635
1687
2230
2394
2608
2613
3180
4434
4642
5701
6036
6539
6596
7562
7852
8669
9818
9955
15
663
821
1125
1635
1687
2230
2608
2613
2667
3219
4737
4926
5245
5701
6036
6199
6539
7852
9008
15
285
578
1635
1677
1687
1764
2230
2583
2608
2613
4494
4554
5701
6036
6539
7852
8896
9410
9930
15
852
1469
1544
1550
1587
1635
1687
2230
2469
2608
2613
4274
5700
5701
6036
6539
7852
8972
9938
15
1137
1465
1635
1687
2230
2578
2608
2613
3048
3860
4284
5149
5572
5701
6036
6539
6965
7852
9893
15
828
900
1054
1635
1687
2230
2608
2613
3271
5221
5450
5701
6036
6242
6539
7852
7870
8836
9091
15
840
1442
1635
1687
2230
2608
2613
3569
3812
5656
5701
5732
6036
6539
7097
7665
7852
8446
8946
15
53
506
1193
1631
1635
1687
2230
2608
2613
3175
4282
5701
6036
6539
7852
7894
8386
9028
9576
15
43
158
544
1123
1635
1687
1865
2230
2608
2613
3584
4094
4282
5701
5747
6036
6452
6539
7852
15
1589
1625
1635
1687
2230
2608
2613
2969
5701
6036
6539
7077
7852
8281
8570
8671
8767
9055
9560
15
472
581
1635
1687
1811
2230
2608
2613
3056
3580
5510
5701
5968
6036
6539
7852
8106
8479
8810
15
473
1635
1687
1845
2230
2608
2613
2921
3873
4784
5006
5701
6036
6539
6561
7525
7852
8799
9571
15
993
1210
1635
1687
2230
2608
2613
2947
4689
5701
5841
6036
6539
6708
7436
7692
7852
8514
8920
15
804
1196
1635
1687
1885
2230
2608
2613
2801
3372
4073
5701
6036
6539
6738
7101
7852
9139
9183
15
581
893
1635
1687
2230
2608
2613
3296
3494
5701
6026
6036
6359
6539
7132
7852
7870
8753
9695
15
1364
1635
1687
2048
2230
2608
2613
3808
4257
4899
5701
6036
6534
6539
7004
7852
8206
9450
9855
15
1403
1635
1687
2230
2608
2613
2752
3820
3879
4870
5701
5769
6036
6539
7800
7852
7856
7943
9019
15
1140
1635
1687
1806
2230
2608
2613
2921
5701
6036
6067
6190
6539
6775
6923
7390
7415
7852
8937
8
15
1525
1635
1687
2150
2230
2485
2608
2613
4037
5458
5701
6036
6539
7566
7852
7855
8118
9605
15
589
722
1577
1635
1687
2230
2608
2613
2711
4823
5511
5701
6036
6263
6539
6863
7852
8924
9071
15
291
508
1289
1635
1687
1725
1999
2230
2608
2613
2674
3244
3856
4370
5701
6036
6539
7852
8748
15
1217
1422
1635
1687
1888
2230
2608
2613
2632
3613
4193
4840
5701
6036
6539
7852
8287
8606
9233
15
273
1635
1687
2230
2608
2613
2948
4718
4882
5701
6006
6036
6453
6539
6627
7852
8928
9116
9799
15
1551
1635
1687
2230
2608
2613
3242
3376
3766
4038
5116
5701
5825
6036
6539
7852
8995
9174
9308
15
1505
1520
1600
1635
1687
2230
2608
2613
2687
3495
5701
6036
6119
6539
6828
6988
7244
7852
8407
15
157
1635
1687
2230
2608
2613
2686
4139
4289
4350
5233
5701
6036
6539
7092
7247
7852
8808
9285
15
688
870
1409
1635
1687
2230
2245
2260
2608
2613
4100
4545
5701
6036
6539
7852
7938
8267
9794
15
475
1635
1687
2094
2230
2608
2613
3420
3804
4234
4546
5701
6036
6539
6862
7718
7852
8179
9863
15
345
651
1635
1687
2037
2230
2292
2608
2613
3041
3078
3639
4128
5701
5797
6036
6539
7852
9558
15
243
521
1332
1635
1687
2230
2608
2613
4379
4889
5052
5701
5986
6036
6539
6738
7852
8005
9398
15
226
1252
1631
1635
1687
2230
2539
2608
2613
2764
4434
4864
4900
5263
5701
6036
6539
7196
7852
15
893
1410
1635
1687
1906
2230
2608
2613
2913
4535
5701
5778
6036
6539
6934
7050
7683
7690
7852
15
1635
1687
2004
2137
2230
2608
2613
3917
4449
4983
5540
5701
6036
6539
6569
6607
7605
7852
8592
15
1042
1635
1687
2061
2130
2230
2608
2613
3228
4758
5145
5320
5701
5881
6036
6539
7396
7852
7889
15
244
1635
1687
2230
2526
2608
2613
3457
3561
4294
4706
5487
5543
5701
6036
6539
7852
8652
8723
15
1635
1687
2227
2230
2608
2613
3333
3596
4031
4389
5423
5701
6036
6059
6539
7852
8543
9007
9931
15
134
729
1064
1345
1535
1635
1687
2230
2608
2613
2817
5701
6036
6539
6820
7852
7900
8394
9311
15
1470
1484
1635
1687
2230
2303
2426
2608
2613
2788
3490
5204
5701
5896
6036
6539
7823
7852
8865
15
374
1616
1635
1687
2230
2327
2608
2613
3361
3799
3909
3930
5222
5701
6036
6539
7783
7852
9592
15
155
1635
1687
2230
2608
2613
3027
3273
3381
5164
5701
6036
6195
6539
7149
7409
7852
9399
9478
15
851
1611
1635
1687
2230
2608
2613
2774
3314
4008
5151
5250
5701
6036
6204
6539
7003
7852
7940
15
1102
1635
1687
1713
2230
2608
2613
2931
3172
4199
4250
5701
6036
6539
6545
7606
7852
8005
8763
6
15
969
1635
1687
1734
2230
2608
2613
4263
4504
5701
6036
6539
7061
7253
7372
7649
7852
8923
15
1168
1635
1687
2230
2608
2613
4964
5685
5701
5731
6036
6287
6539
6713
7852
8813
9133
9189
9649
15
133
946
1635
1687
2230
2333
2608
2613
3522
3567
3963
4223
4369
5701
6036
6539
7852
7960
9516
15
373
711
1635
1640
1687
2230
2608
2613
3359
5276
5596
5701
6036
6255
6539
7469
7852
9197
9937
15
521
1635
1687
2230
2345
2433
2488
2608
2613
3153
4553
4646
5346
5701
6036
6539
7735
7852
8421
15
408
1635
1687
2230
2608
2613
3162
4930
5287
5378
5701
6036
6539
7351
7640
7852
8914
9099
9285
15
102
1635
1687
1905
2205
2230
2608
2613
2900
3131
3156
5701
6036
6160
6539
7378
7852
8502
9482
15
1103
1635
1687
1721
2230
2608
2613
2882
3083
3132
4310
5223
5260
5701
6036
6539
7852
8752
9063
15
500
1635
1687
2006
2230
2323
2608
2613
3675
5082
5701
6036
6100
6245
6539
7374
7852
8841
9323
15
151
803
1635
1687
2230
2608
2613
2651
3092
4857
5262
5701
6036
6539
7852
7873
8838
9113
9236
15
1542
1635
1687
1741
1783
2230
2608
2613
3726
3758
4888
5701
6036
6539
6703
7169
7298
7852
8411
15
706
1561
1635
1687
2230
2608
2613
2822
4510
5149
5701
6036
6320
6539
7599
7852
8094
8509
8672
15
722
1552
1635
1687
2230
2608
2613
3116
4130
4313
4612
5701
6030
6036
6227
6539
6977
7852
9634
15
785
876
1635
1687
2230
2608
2613
4329
4472
5244
5625
5701
5960
6036
6354
6539
7225
7852
9519
15
277
335
1635
1687
2230
2608
2613
2753
3910
4425
4708
4898
5701
6036
6395
6399
6539
7852
8354
15
763
1635
1687
2230
2608
2613
5467
5701
6036
6539
6701
6925
7852
7890
7938
7998
8363
8828
9733
15
1062
1635
1687
1699
2230
2608
2613
4966
4989
5701
6036
6539
7196
7852
9404
9568
9598
9680
9965
15
22
237
990
1635
1687
1903
2230
2608
2613
3252
4988
5097
5696
5701
6036
6317
6411
6539
7852
15
1635
1687
1700
1866
2230
2608
2613
3328
3574
5701
6036
6539
6829
7340
7582
7852
7962
8710
8802
15
582
1635
1687
2207
2230
2608
2613
5556
5701
6036
6232
6489
6539
7852
8143
8154
8466
8486
9223
15
1080
1192
1635
1687
2230
2608
2613
4255
5095
5701
6036
6438
6539
7175
7852
8319
8785
9031
9110
15
1635
1687
1898
1903
2230
2255
2596
2608
2613
4180
4264
4775
5524
5701
6036
6539
7852
8166
9947
15
497
1635
1687
2230
2608
2613
2716
2817
4126
4412
5687
5701
6036
6138
6539
6587
6990
7434
7852
15
1635
1687
1757
2077
2230
2608
2613
2917
3922
5326
5571
5701
6036
6346
6539
7833
7852
7904
9808
15
688
1088
1269
1588
1598
1621
1635
1687
2230
2608
2613
5210
5442
5701
5977
6036
6539
7852
8535
15
1635
1652
1687
2230
2608
2613
2986
2986
4425
5436
5701
6036
6539
6871
7706
7852
7977
8815
9132
15
1635
1687
2230
2608
2613
3097
4114
4539
5701
5907
6036
6431
6539
7200
7423
7603
7852
8277
8518
15
628
1635
1687
2230
2436
2608
2613
3453
3750
4778
5701
5815
6036
6539
7315
7852
8194
9163
9651
15
1635
1687
1945
2230
2608
2613
3718
4040
4613
5199
5701
6036
6251
6539
6672
7063
7852
8247
9739
15
1635
1687
2230
2248
2608
2613
3742
4163
4185
5523
5701
5710
6036
6275
6539
7852
9086
9536
9791
15
321
1635
1687
1814
2230
2468
2608
2613
4505
5405
5701
6036
6244
6271
6539
6646
6746
7852
8235
15
1546
1635
1687
2058
2230
2601
2608
2613
3204
4067
5701
6036
6539
6820
7400
7435
7828
7852
7883
15
887
1108
1635
1648
1687
1832
2230
2608
2613
4516
4517
5701
6036
6058
6539
7852
8416
8774
9601
15
305
872
1459
1635
1687
2230
2515
2608
2613
4219
5701
6036
6539
6891
7048
7297
7852
9414
9611
15
399
1535
1635
1687
2230
2608
2613
4602
4889
5624
5701
6036
6539
6620
6732
7430
7852
8057
8870
15
451
1635
1687
2230
2342
2608
2613
2807
4079
5332
5701
5957
5963
6036
6480
6539
6842
7852
9739
15
50
299
1635
1687
2230
2608
2613
2695
2855
5701
5788
6036
6539
6684
7311
7852
8137
8733
8927
15
1354
1635
1687
2230
2323
2440
2553
2608
2613
3604
5670
5701
5747
6036
6458
6539
7592
7852
9950
15
857
1635
1687
1776
2230
2469
2608
2613
4591
5701
5779
6036
6313
6539
6899
7134
7555
7852
9470
15
453
1451
1635
1687
1892
2230
2608
2613
5701
5765
5859
6036
6309
6351
6539
7815
7852
8909
9120
15
380
1635
1687
1985
2230
2608
2613
2808
3631
5245
5545
5701
6036
6539
7043
7852
8241
9670
9890
15
1472
1635
1687
2110
2180
2230
2230
2570
2608
2613
5701
5783
6036
6539
7200
7586
7852
8150
8830
15
1455
1634
1635
1687
2230
2608
2613
2685
4390
5362
5523
5701
5786
6036
6173
6539
7412
7852
7925
15
83
1097
1262
1635
1687
1782
2230
2608
2613
3313
5701
6036
6327
6539
7185
7852
8672
9139
9687
15
1022
1635
1687
2089
2230
2486
2608
2613
3186
5657
5701
5739
6036
6539
7852
8245
9217
9301
9747
15
168
1635
1687
2230
2542
2608
2613
3797
4446
4645
5701
6036
6289
6342
6455
6539
7577
7852
9820
15
822
1635
1687
2230
2608
2613
2929
3043
3900
4187
5701
6036
6539
7852
8358
8532
8795
9596
9684
15
122
1085
1103
1491
1635
1687
2230
2608
2613
5285
5457
5701
5718
5843
6036
6412
6539
7852
8969
15
215
1566
1635
1687
1766
1809
1902
2230
2239
2608
2613
2945
5302
5701
6036
6539
6951
7852
8567
15
739
1635
1687
2230
2492
2608
2613
3242
3432
3506
5701
6036
6539
6911
7059
7852
8438
8640
8721
15
1635
1687
1732
2230
2608
2613
3148
4593
5645
5701
5873
6036
6175
6539
7617
7852
8243
9098
9692
15
106
1635
1687
1800
2208
2230
2608
2613
3051
5391
5701
6036
6167
6539
6757
7445
7852
8061
8893
15
626
1635
1687
2230
2608
2613
2667
4375
5037
5177
5382
5701
6036
6158
6539
7852
8235
8629
8966
15
184
282
1489
1635
1687
2093
2230
2553
2608
2613
3141
4316
5701
6036
6501
6539
7096
7852
9436
15
625
1635
1687
2129
2230
2608
2613
3159
4355
4650
5326
5701
5971
6036
6364
6539
7079
7852
8751
15
1096
1150
1187
1635
1687
2230
2608
2613
4656
5575
5701
6036
6539
6884
7385
7783
7852
7967
8568
15
582
608
1452
1635
1687
2230
2608
2613
3167
3452
3661
5701
6036
6539
6959
7523
7852
8809
9765
15
835
1635
1687
1875
2230
2608
2613
2997
3042
3196
4121
5701
6036
6341
6539
7286
7852
7970
9886
15
1635
1687
2230
2608
2613
4391
4575
4872
5156
5249
5701
6036
6539
7306
7358
7852
8731
8879
8983
15
954
1635
1687
2230
2608
2613
5207
5701
6023
6036
6539
6567
7046
7538
7852
9375
9581
9635
9640
15
1326
1502
1635
1687
2230
2608
2613
3751
4514
5451
5701
5988
6036
6267
6406
6539
6570
7852
9498
15
269
690
963
1635
1687
1744
1963
2230
2274
2608
2613
3125
5091
5357
5701
6036
6539
7342
7852
15
324
1635
1687
2230
2608
2613
3244
4212
4537
4633
4773
5524
5701
6036
6539
6660
7852
9677
9785
15
1635
1636
1687
2230
2608
2613
2877
3173
3283
4231
5701
6036
6539
6635
7479
7738
7777
7852
8330
15
1511
1635
1687
2230
2234
2608
2613
2859
3960
4104
4363
5136
5200
5701
6036
6539
7852
9300
9690
15
1082
1503
1635
1687
1744
2153
2230
2608
2613
3069
3460
3676
5701
6036
6539
7327
7852
8272
9563
15
1608
1635
1687
2230
2608
2613
2987
3109
4668
5701
5850
6036
6539
7358
7852
7919
8160
8663
8709
15
591
1635
1687
1762
1849
2230
2570
2608
2613
2742
4884
5701
6036
6539
6560
6677
7020
7312
7852
15
307
465
1635
1687
1722
1809
2230
2608
2613
5136
5701
6036
6539
7852
8064
8090
8185
8927
9301
15
149
1139
1635
1687
1808
1905
2180
2230
2477
2608
2613
3186
4996
5701
6036
6539
7852
8573
9807
15
271
665
812
1459
1635
1687
2226
2230
2608
2613
2743
3871
5701
6036
6539
7196
7852
8769
9766
15
1635
1687
2209
2230
2608
2613
4128
5047
5547
5701
6036
6539
7304
7852
8791
9021
9330
9557
9574
15
152
698
1435
1635
1687
2229
2230
2608
2613
4384
5560
5645
5701
5839
6036
6539
7852
7967
9566
15
212
805
979
1635
1687
2230
2608
2613
2786
3269
4849
5420
5701
6036
6531
6539
7852
9184
9991
15
1635
1687
1829
1962
2230
2608
2613
3507
4569
5518
5701
6036
6539
7852
7954
8137
8413
9663
9673
15
448
489
601
1635
1687
2230
2608
2613
3254
3701
4738
5701
6036
6146
6539
6688
7852
9548
9733
15
253
1635
1687
2230
2608
2613
3025
4447
5334
5701
6036
6281
6539
6920
7852
8161
8441
8552
9086
15
103
572
1635
1687
1870
2230
2497
2608
2613
3885
5701
6036
6539
7432
7473
7773
7852
7928
8213
15
1112
1635
1687
1842
2024
2230
2608
2613
4302
4374
4582
5156
5701
6036
6539
7612
7688
7852
9638
15
617
1091
1219
1327
1635
1687
2230
2530
2608
2613
2658
2872
5048
5701
6036
6107
6240
6539
7852
15
1342
1635
1687
1848
2184
2230
2608
2613
2963
3593
5701
6015
6036
6093
6539
7712
7852
8332
9867
15
275
686
1164
1254
1635
1687
2035
2230
2608
2613
4065
4273
5140
5701
6036
6539
7852
8737
9052
15
285
1315
1425
1635
1687
2230
2608
2613
2651
3361
4258
5701
6036
6539
7702
7852
9364
9652
9946
15
27
382
1635
1687
2230
2608
2613
4214
4437
4909
5701
6036
6323
6539
7852
8082
8099
8199
8240
15
597
1635
1684
1687
2230
2608
2613
3725
5701
6036
6406
6539
6603
6964
7771
7852
8840
9401
9845
15
1635
1687
2230
2608
2613
2829
3971
4136
4712
5701
5803
6036
6232
6539
6821
7582
7681
7773
7852
15
137
199
1635
1687
2098
2230
2604
2608
2613
3118
3935
5701
6036
6539
6540
7852
8004
9218
9325
15
531
1635
1687
2230
2474
2608
2613
3161
4729
5701
6036
6539
7549
7852
8318
8336
8353
8509
8700
15
994
1635
1687
2230
2394
2608
2613
3943
4559
5006
5229
5473
5701
6036
6539
7852
8183
8254
9230
15
1467
1635
1687
2230
2608
2613
3003
3223
3278
3756
5701
6036
6539
7293
7546
7716
7852
8428
9486
15
243
251
1635
1687
2230
2608
2613
5304
5599
5701
6036
6036
6539
7108
7852
8344
8595
8922
9843
15
1042
1635
1687
2230
2608
2613
3583
3609
5701
5969
6036
6246
6514
6539
6584
7087
7852
9299
9635
15
438
1635
1687
2230
2608
2613
2853
3679
3802
5300
5701
6036
6263
6539
7162
7391
7852
8274
9564
15
1635
1687
1845
1907
2230
2608
2613
4046
4329
4981
5652
5701
6036
6207
6539
6944
7852
8754
9789
15
448
1635
1687
1899
2230
2608
2613
2739
3214
4309
5701
5987
6036
6539
6989
7191
7852
7904
9918
15
265
1525
1635
1684
1687
2230
2608
2613
2722
4120
4374
5505
5701
6036
6539
6960
7735
7760
7852
15
1635
1687
2230
2249
2297
2608
2613
2836
2961
3074
4709
5224
5701
6036
6539
7852
7866
7912
8408
15
1611
1635
1687
2230
2608
2613
3857
4809
5701
6036
6539
6568
6872
7071
7852
8614
8703
9170
9247
15
857
1635
1687
1894
2230
2608
2613
3704
4178
5631
5701
6036
6539
7267
7852
8004
8233
8881
9542
15
1635
1687
2230
2608
2613
2683
3484
4197
4320
4364
4841
4873
5701
6036
6539
6686
7585
7852
9521
15
704
928
1117
1249
1635
1687
2230
2608
2613
3819
3859
5149
5583
5701
6036
6539
7852
9042
9468
15
1635
1687
1831
2230
2608
2613
3174
3666
4179
4769
5286
5701
5861
6036
6539
7238
7852
9142
9380
15
45
686
1635
1687
2230
2608
2613
3097
3633
4328
5056
5701
6036
6539
7196
7852
8099
8281
9991
15
225
832
926
1044
1635
1687
1982
2230
2608
2613
3366
5168
5701
6036
6539
6729
7852
8095
8950
15
1367
1511
1635
1687
2230
2263
2608
2613
3505
3940
5211
5701
6036
6350
6539
7852
8645
9297
9816
15
112
1065
1635
1687
1990
2230
2608
2613
2966
3497
4895
5701
6036
6078
6539
7852
8683
8759
9886
15
900
1412
1549
1635
1687
2230
2306
2485
2608
2613
3235
5212
5701
6036
6045
6539
6984
7852
8509
15
1635
1687
1948
2230
2608
2613
3074
3344
4341
5621
5701
5796
6036
6539
7852
9384
9601
9623
9802
15
1635
1687
1825
2230
2322
2455
2608
2613
3082
5062
5701
6036
6269
6539
6636
7852
8380
8928
9610
15
16
262
629
1227
1635
1687
2230
2608
2613
3593
5701
6036
6485
6539
6661
7087
7193
7852
8054
15
484
643
1393
1635
1687
2182
2230
2608
2613
3630
5394
5701
6036
6539
7852
7879
8233
8761
9976
15
1155
1200
1635
1687
1820
2230
2608
2613
4382
5701
5738
6036
6539
6915
6967
7584
7852
8811
8997
15
1043
1229
1635
1687
2230
2608
2613
2849
3570
3591
4637
5701
6036
6539
7499
7852
7878
7994
9793
15
1608
1635
1687
1816
2230
2608
2613
4469
4802
5401
5701
6036
6277
6301
6539
7072
7582
7852
8265
15
1606
1635
1687
1738
2203
2230
2608
2613
3214
5701
5943
6036
6418
6539
6626
7852
8053
8440
9173
15
48
645
1635
1687
2135
2189
2230
2608
2613
3303
4323
5701
6036
6539
6854
7672
7852
9075
9256
15
285
560
1635
1687
2230
2414
2481
2608
2613
4469
5119
5579
5701
6036
6539
7852
7882
8184
9977
15
716
1475
1635
1687
1688
2230
2300
2608
2609
2613
3518
5701
6036
6539
7720
7852
8290
8579
8841
15
215
675
1635
1687
2230
2608
2613
2883
2947
5701
6036
6058
6431
6539
7126
7852
7875
8053
8883
15
337
1635
1687
2145
2223
2230
2455
2608
2613
2756
3613
3703
3939
4951
5701
5783
6036
6539
7852
15
543
1635
1687
2230
2608
2613
3883
4199
4613
5701
6036
6539
7118
7217
7274
7279
7446
7852
9493
15
154
1635
1687
1903
1984
2042
2230
2608
2613
3003
3090
5701
6036
6539
7144
7514
7852
7889
9225
15
935
1635
1687
1871
2230
2365
2565
2608
2613
4288
4536
5701
5925
5927
6036
6539
7649
7852
8997
15
305
447
496
1052
1635
1687
2230
2608
2613
3843
4613
5701
6036
6069
6539
7744
7754
7852
9392
15
273
1314
1470
1635
1687
2230
2302
2416
2608
2613
3742
5240
5382
5701
6036
6539
7191
7852
7889
15
237
593
1572
1635
1687
2230
2608
2613
3876
5701
6036
6539
6623
7694
7852
8165
8565
9302
9608
15
74
1092
1120
1567
1635
1687
2230
2319
2608
2613
2700
4401
5701
6036
6185
6539
7852
9349
9646
15
108
168
1121
1470
1635
1687
2230
2608
2613
3334
3453
5439
5701
6036
6539
7256
7852
8167
8188
15
1635
1687
2177
2230
2608
2613
3850
4205
5554
5675
5701
6036
6101
6539
6731
7656
7852
8016
9566
15
721
1635
1671
1687
2230
2608
2613
2829
3421
5260
5668
5701
6036
6141
6539
7346
7852
7980
9166
15
702
824
1156
1635
1687
1845
2230
2608
2613
2961
5483
5666
5701
6036
6539
6752
7852
8000
9373
15
847
1635
1687
2110
2230
2608
2613
3095
3854
5701
6036
6539
6709
7055
7226
7344
7852
9360
9640
15
1635
1687
2230
2608
2613
2745
3598
5677
5701
6036
6081
6450
6539
7276
7545
7852
8580
8804
8966
15
386
1183
1635
1687
2230
2565
2608
2613
4106
4136
4286
4962
5553
5701
5886
6036
6539
7852
8221
15
112
145
338
510
1635
1687
2230
2608
2613
3770
5250
5269
5701
6036
6366
6539
7852
8310
8816
15
341
1635
1687
2083
2116
2230
2608
2613
4389
5657
5701
5755
5887
6036
6539
7852
8137
9467
9549
15
1635
1687
2230
2608
2613
3291
3581
5701
6036
6428
6539
6907
7021
7852
7909
8527
8588
9008
9881
15
1635
1687
2230
2608
2613
2714
2804
2893
3075
3932
4306
5439
5701
6036
6219
6311
6539
7852
9907
15
1021
1169
1241
1635
1687
2230
2277
2355
2608
2613
4985
5701
6036
6539
7053
7852
8049
8925
9664
15
1153
1635
1687
2037
2230
2608
2613
3950
4099
4154
5582
5701
6036
6431
6539
7508
7852
8597
9093
15
1141
1635
1687
1772
1938
2230
2608
2613
2759
2880
3281
3502
3505
5701
6036
6539
6659
7222
7852
15
1161
1394
1635
1687
2230
2584
2608
2613
3257
3510
3877
4238
5587
5701
6036
6539
6755
7852
8100
15
1635
1687
2073
2230
2608
2613
2925
3803
4430
4832
5164
5701
6036
6539
7665
7852
7886
9439
9871
15
1499
1635
1687
1780
2230
2608
2613
3352
3653
5229
5701
5911
6036
6539
6603
7810
7852
8845
9229
15
405
1635
1677
1687
2230
2528
2608
2613
2988
3808
4406
5445
5701
6036
6393
6539
7852
8905
9904
15
310
918
974
1635
1687
2230
2509
2608
2613
3309
5216
5701
6036
6539
7179
7852
8265
8792
9661
15
446
790
1635
1687
1860
2230
2295
2608
2613
3586
5034
5159
5701
6036
6539
6684
7328
7852
8011
15
955
1057
1368
1635
1687
2230
2474
2608
2613
2698
2916
4485
5701
5893
6036
6539
7078
7742
7852
15
90
1628
1635
1687
2230
2608
2613
2990
4204
4261
5701
6036
6539
6602
7077
7852
8079
8365
8546
15
249
1478
1635
1687
2045
2230
2608
2613
3562
4328
4749
5701
6036
6539
6745
7286
7852
9240
9808
15
985
1635
1687
2230
2608
2613
3033
3627
3672
3796
5513
5701
6036
6539
6785
7507
7852
9416
9618
15
824
1635
1687
2230
2512
2520
2608
2613
3815
4141
4169
4728
4770
5701
5858
6036
6539
7852
8389
15
559
1635
1687
1934
2145
2230
2608
2613
2713
2807
4019
4121
5159
5701
6036
6398
6539
7813
7852
15
1334
1635
1687
2230
2505
2575
2608
2613
5701
6036
6539
7534
7852
8358
8419
8451
9252
9497
9643
15
192
237
246
1236
1635
1687
2145
2230
2608
2613
2931
5109
5701
5819
6036
6539
7852
8844
9612
15
226
357
1249
1635
1687
1846
2230
2608
2613
3123
4523
5701
6036
6539
7118
7351
7852
7969
9385
15
1635
1687
1980
2230
2608
2613
3483
5701
5897
6036
6539
7596
7852
8152
8162
8205
8343
8997
9270
15
54
746
1635
1687
2230
2608
2613
3285
3684
4332
5485
5701
6036
6539
7793
7852
7983
8103
9787
15
373
1635
1687
1756
1983
2230
2608
2613
5023
5701
6036
6254
6539
7489
7852
7961
9713
9804
9893
15
1186
1320
1635
1687
2230
2409
2608
2613
3262
4648
5406
5701
6036
6295
6539
7346
7852
8983
9087
15
1635
1687
1932
2166
2230
2608
2613
2797
5075
5243
5701
5877
6036
6539
7852
7885
8087
8466
8852
15
1635
1687
1806
2230
2533
2608
2613
2878
4549
4739
5701
6035
6036
6539
7852
7989
8195
9352
9444
8
15
1635
1687
1996
2159
2230
2608
2613
3591
5701
6036
6226
6539
7817
7852
8383
8843
9104
9464
15
25
407
566
771
919
936
1635
1687
2230
2608
2613
4367
5701
6036
6539
7852
7940
9187
9912
15
1635
1687
2230
2324
2608
2613
3400
4504
5590
5701
6012
6036
6238
6379
6539
6954
7852
8568
9809
15
1635
1687
2230
2608
2613
3108
3526
4763
5701
5975
6036
6442
6539
7852
7891
8609
8628
9472
9520
15
1635
1687
2230
2608
2613
2944
5385
5689
5701
5754
5985
6036
6539
6790
7680
7852
8271
9407
9782
15
1188
1509
1635
1687
2230
2608
2613
2793
4992
5569
5701
6036
6539
7088
7807
7852
8073
8340
8485
15
95
1635
1687
1974
2230
2404
2465
2608
2613
4017
4655
5424
5701
6036
6539
6613
7852
8281
8899
15
168
550
1635
1687
2230
2399
2516
2608
2613
3085
5701
6036
6049
6539
7852
8008
8210
8430
9741
15
836
1328
1635
1687
2230
2608
2613
2909
3125
3271
3884
4133
5701
6036
6539
7575
7852
7994
8318
15
1236
1635
1687
1734
2230
2608
2613
2628
3288
3469
3918
5701
5727
6029
6036
6157
6539
6539
7852
15
491
1635
1687
1861
1906
1986
2084
2230
2417
2608
2613
5400
5701
5969
6036
6539
7593
7852
9971
15
1635
1687
1709
2151
2230
2608
2613
3291
3892
4004
5173
5701
6036
6539
7852
8519
8822
8953
9799
15
1635
1687
1806
1903
2230
2608
2613
3481
3623
3634
5154
5701
6036
6539
7587
7852
8344
8711
9921
15
911
1635
1687
1839
2230
2608
2613
3326
3434
3470
4159
5701
6036
6126
6539
6829
7852
9728
9855
15
49
126
1635
1686
1687
2126
2230
2608
2613
3262
3409
4550
5175
5511
5701
6036
6539
7852
8351
15
1631
1635
1687
1961
2073
2230
2608
2613
3181
3513
5087
5701
5882
6036
6261
6362
6539
7852
9301
15
482
1635
1687
2230
2244
2608
2613
3837
4682
4808
5701
6036
6539
7125
7359
7852
7944
9120
9279
15
1635
1687
1884
1914
2230
2608
2613
3200
3893
4949
5701
6036
6539
6718
6764
6778
7852
8329
9311
15
546
1015
1321
1635
1687
2198
2230
2608
2613
2888
3358
4699
5354
5701
6036
6539
7852
8066
8895
15
303
1552
1635
1687
2216
2230
2411
2548
2608
2613
3306
3597
5346
5701
6036
6539
7065
7852
9203
15
249
1635
1687
2230
2608
2613
3442
3742
4320
5382
5701
6036
6539
6804
7283
7852
8529
9702
9995
15
497
908
1635
1687
1705
2230
2608
2613
4313
4752
5323
5701
6036
6539
6766
7808
7852
8502
9154
15
1109
1138
1635
1687
2230
2608
2613
3617
4172
4203
5143
5701
5716
6011
6036
6539
6804
6875
7852
15
540
1635
1687
2230
2490
2608
2613
2644
3419
4575
5189
5701
6036
6117
6539
7852
8283
9197
9298
15
191
351
1269
1635
1687
2230
2394
2608
2613
3523
3693
4446
5701
5764
6036
6388
6539
7361
7852
15
1635
1687
2230
2268
2608
2613
3218
3327
3518
3621
5701
6036
6539
6555
7059
7852
8340
8500
9232
15
450
864
1635
1687
1756
2003
2133
2230
2608
2613
3625
4013
5396
5701
6036
6539
7269
7846
7852
15
23
688
1635
1687
2230
2608
2613
3697
4835
5701
5885
6036
6152
6539
6911
7306
7497
7852
9292
15
556
811
1115
1618
1635
1687
2230
2608
2613
2695
3367
3510
5504
5701
5999
6036
6539
6998
7852
15
180
420
1199
1635
1687
2230
2608
2613
2986
3487
4292
4540
5592
5701
6032
6036
6539
7257
7852
15
21
850
1635
1687
1765
2230
2608
2613
5403
5701
6036
6539
7670
7793
7852
8255
8263
9136
9932
15
91
1076
1635
1687
2230
2596
2608
2613
4759
4770
4974
5701
5740
6036
6454
6475
6539
7852
8383
15
1220
1428
1635
1687
2230
2351
2421
2608
2613
2664
3725
4841
4856
5701
6036
6539
7298
7852
8851
15
859
1635
1687
2230
2608
2613
4246
5452
5701
6036
6539
7852
8176
8223
8232
8421
8618
8733
9769
15
1117
1635
1687
2230
2608
2613
3547
4103
4578
5277
5496
5701
6036
6304
6539
7852
8269
8608
8905
15
655
1494
1635
1687
2230
2608
2613
2655
3484
4637
4702
4887
5701
6036
6108
6539
6689
7852
9163
15
731
1635
1687
2230
2608
2613
2617
3252
4441
5701
6036
6539
6728
7852
7950
8301
8533
9392
9585
15
348
744
1225
1311
1635
1687
2230
2608
2613
4383
5113
5701
6036
6302
6381
6539
7783
7852
8674
15
1025
1635
1687
2230
2324
2608
2613
2894
3703
4216
5444
5582
5701
6036
6539
7852
9445
9495
9569
15
762
1635
1687
2230
2608
2613
3380
3523
3643
3792
4785
4857
5701
5755
6036
6539
7055
7852
7901
15
472
478
1635
1687
1749
2100
2230
2608
2613
3300
3547
5701
6036
6539
7054
7411
7852
8322
8729
15
101
1635
1687
2230
2443
2608
2613
5487
5701
6036
6276
6539
7556
7610
7852
8018
8375
8749
9818
15
1448
1635
1687
2230
2307
2458
2608
2613
4106
4116
4977
5701
6036
6539
7852
8198
9036
9257
9822
15
499
1207
1635
1687
2230
2514
2608
2613
5339
5393
5701
5979
6036
6539
7852
8020
8292
8686
9644
15
1472
1621
1635
1687
2230
2608
2613
2831
5168
5701
6036
6539
6791
7209
7223
7784
7852
9012
9324
15
660
1635
1687
2230
2608
2613
3479
3772
5375
5701
6036
6539
7352
7852
8044
8511
9280
9513
9994
15
338
965
1448
1523
1635
1687
2056
2230
2608
2613
3305
5303
5701
6036
6260
6345
6539
7339
7852
15
1085
1635
1687
2081
2230
2608
2613
3142
3523
5701
6036
6149
6447
6539
7852
8457
9188
9396
9794
15
930
1622
1635
1687
1823
2230
2529
2608
2613
3422
3500
5701
5786
6036
6539
7596
7852
8181
8222
15
873
1635
1687
2230
2365
2486
2608
2613
3555
4311
5571
5701
6036
6539
7852
8020
8871
8984
9589
15
1627
1635
1687
2230
2270
2608
2613
3585
4350
4432
5114
5701
6036
6539
7190
7711
7852
8322
9087
15
257
307
1635
1687
2230
2608
2613
3209
3480
3513
4301
5701
6036
6539
6700
7463
7852
8939
9503
15
623
1599
1635
1687
2230
2558
2608
2613
4088
5701
6036
6093
6539
6779
7446
7466
7547
7852
9919
15
1293
1635
1687
1893
1932
2230
2608
2613
4421
4505
5395
5701
6036
6539
6943
7031
7852
8378
8903
15
1002
1609
1635
1687
2230
2608
2613
2758
3159
3608
4341
5701
6036
6539
7852
8635
8808
9311
9431
15
582
1635
1687
2230
2608
2613
3519
3654
5074
5182
5215
5404
5701
6036
6539
6881
7852
8796
9647
15
692
1635
1687
2230
2608
2613
5136
5471
5701
5814
6035
6036
6539
6569
7447
7852
8564
8963
9162
15
1635
1687
2230
2608
2613
3706
4076
5701
6036
6270
6539
6782
7049
7291
7852
8075
8455
9302
9687
15
1301
1555
1635
1687
2040
2230
2608
2613
4206
4337
4660
5701
6036
6539
6785
7348
7549
7852
8126
15
826
1635
1687
2230
2538
2608
2613
3098
3224
3840
5701
5994
6036
6539
7852
8331
8845
9274
9660
15
148
150
1635
1687
1791
2230
2608
2613
2933
3761
3786
5701
6036
6539
7001
7852
8012
8686
9434
15
1635
1687
1805
1920
2230
2608
2613
4207
5058
5701
6036
6539
6552
6940
7109
7134
7600
7852
8121
15
1612
1635
1687
2021
2230
2608
2613
3760
5700
5701
6036
6539
7852
8109
8121
8412
9009
9061
9388
15
77
1159
1635
1687
2230
2489
2608
2613
2952
4427
5273
5701
6036
6224
6539
7852
8100
8140
9626
15
874
1635
1687
2048
2190
2230
2608
2613
4695
4775
5701
6036
6539
6774
6874
7852
8676
9142
9690
15
470
1204
1635
1687
1845
2230
2248
2489
2608
2613
3728
5278
5701
6036
6116
6539
7793
7852
9804
15
1095
1635
1687
2017
2077
2230
2608
2613
2697
3574
5701
6036
6539
7852
8867
9013
9120
9301
9687
15
151
484
1253
1284
1635
1687
2230
2316
2608
2613
4760
5298
5410
5701
6036
6539
6741
6873
7852
15
233
1635
1687
1869
2230
2608
2613
3246
5139
5701
5950
6036
6087
6163
6539
7824
7852
8743
8873
15
710
931
1548
1635
1687
2230
2577
2608
2613
5031
5701
6036
6101
6539
7010
7190
7852
9297
9891
15
1467
1635
1687
2230
2608
2613
3211
3270
3277
3421
4562
5055
5058
5701
5970
6036
6539
7852
9860
15
207
590
908
1548
1635
1687
2230
2608
2613
4912
5701
5880
6036
6454
6531
6539
6890
7852
9127
15
124
472
1589
1635
1687
2230
2608
2613
2693
2994
3934
5701
6036
6539
7193
7296
7852
8102
8908
15
1635
1687
2189
2230
2608
2613
4490
5223
5701
6036
6466
6539
6549
6746
7852
8387
8443
8545
8737
15
749
840
1126
1635
1635
1687
2230
2608
2613
3215
3313
3776
4885
5701
6036
6539
7852
7992
9061
15
478
622
811
1286
1635
1687
1710
2230
2608
2613
5525
5701
6016
6036
6278
6539
6983
7852
9866
15
1635
1687
1742
2230
2560
2608
2613
3451
4474
5701
5739
6036
6539
7852
7882
8542
8996
9395
9496
15
161
762
1635
1687
2230
2608
2613
4867
5037
5143
5701
6036
6411
6489
6539
7845
7852
8933
9628
15
1014
1635
1687
2230
2326
2608
2613
4123
5040
5701
5892
6036
6291
6361
6539
7852
8985
9548
9845
15
1287
1635
1687
1739
2076
2230
2408
2608
2613
2964
3081
4163
5353
5556
5701
6036
6406
6539
7852
15
738
1607
1635
1687
2230
2608
2613
3474
3787
4237
4800
4961
5688
5701
6036
6539
7627
7852
9549
15
158
246
1038
1438
1635
1687
2230
2608
2613
2663
3334
5701
5837
6036
6539
7356
7634
7852
9554
15
1202
1386
1391
1635
1687
2230
2308
2415
2465
2608
2613
3035
5701
6036
6539
6711
7852
8145
9438
15
653
1243
1635
1687
2230
2608
2613
2983
3458
4089
4255
5233
5585
5701
6036
6539
7545
7852
9016
15
1635
1687
1798
2230
2608
2613
2948
3187
4257
5674
5701
6036
6244
6539
7373
7852
8106
8705
9854
15
578
1635
1687
1701
2230
2608
2613
2652
3156
3341
4292
4817
5701
5918
6036
6282
6539
6957
7852
15
611
1244
1613
1635
1687
2230
2608
2613
3067
3195
5378
5701
6036
6539
7482
7852
9210
9724
9863
15
602
925
1635
1687
1762
2119
2230
2608
2613
4618
4757
5022
5701
6036
6539
6844
7852
8610
9206
15
378
1635
1687
2230
2608
2613
4012
4419
4517
4843
5631
5701
6036
6539
7063
7852
7886
9617
9895
15
486
631
1635
1687
2230
2608
2613
3394
4263
4986
5701
5857
6036
6399
6539
7089
7269
7852
8046
15
238
998
1635
1687
1908
2230
2571
2608
2613
2852
3183
3443
4683
5701
6036
6539
7588
7852
8519
15
1635
1687
2230
2608
2613
3159
4387
4765
5106
5701
6036
6036
6539
7704
7852
8925
9143
9199
9512
15
519
672
1115
1635
1687
2131
2230
2608
2613
3099
5701
6036
6539
6901
7080
7135
7499
7852
8985
15
699
819
1635
1687
1711
2208
2230
2608
2613
2788
5184
5701
6036
6539
6826
7852
8233
8286
9983
15
581
1635
1687
2195
2230
2608
2613
3432
3460
3622
5638
5701
6036
6539
7852
8297
8655
9361
9561
15
1635
1687
1964
2230
2608
2613
3202
4357
4558
5183
5289
5701
5936
6036
6539
6777
7852
8435
9244
15
1635
1687
2166
2230
2271
2608
2613
3759
4517
5701
6036
6050
6088
6197
6539
7852
8043
8544
9773
15
926
1635
1687
1700
2230
2608
2613
3322
4136
5701
6036
6539
6938
7479
7852
8287
8331
8582
9397
15
1149
1635
1687
2230
2547
2608
2613
2734
5701
6036
6539
6556
6622
7066
7852
7907
8059
9814
9827
15
1635
1687
2230
2475
2608
2613
2639
2827
2940
3139
4509
5426
5701
6036
6539
6567
7718
7852
8509
15
17
713
1635
1687
2230
2608
2613
2821
3182
5701
6036
6073
6539
6911
7852
7880
8231
8294
9035
15
18
182
390
859
1635
1687
1770
2230
2608
2613
3714
5518
5701
6036
6539
7852
7898
8180
9383
15
1522
1635
1687
2230
2231
2608
2613
3782
5197
5701
5924
6036
6539
7845
7852
7878
8401
8600
9785
15
1182
1192
1635
1687
1746
2230
2571
2608
2613
4313
5701
6036
6539
6686
6877
7052
7631
7852
8757
15
300
1635
1687
2230
2608
2613
2803
3073
3389
4363
4700
4771
5376
5596
5701
6036
6539
7852
8906
15
82
292
909
1635
1687
1885
2230
2608
2613
2671
3001
5057
5701
6036
6539
7852
7998
8085
9267
15
1635
1687
1814
2101
2230
2608
2613
3042
3236
5410
5413
5701
6036
6444
6539
6633
7852
8375
9920
15
772
1165
1635
1687
1782
2230
2331
2608
2613
4584
5701
5825
6036
6539
6950
7852
7861
8981
9134
10
15
1635
1687
2211
2230
2303
2438
2608
2613
3736
4150
5662
5701
6036
6539
6716
7515
7852
8372
15
518
1450
1635
1687
2230
2608
2613
3358
4235
4823
5517
5701
6036
6164
6539
7048
7125
7536
7852
15
245
1172
1635
1687
1822
2230
2506
2608
2613
2860
3269
5701
5928
6036
6539
6900
7157
7852
9780
15
1326
1504
1635
1687
1900
2230
2608
2613
3121
3758
5701
6036
6235
6539
7013
7478
7852
8807
9795
15
519
1189
1635
1687
2230
2583
2608
2613
3192
5701
6036
6373
6434
6539
7791
7852
8327
9142
9911
15
251
1635
1668
1687
1725
2009
2230
2608
2613
2838
5701
5858
6036
6451
6482
6539
7367
7852
8987
15
723
1635
1687
2044
2230
2608
2613
3226
5701
5775
6036
6210
6539
7852
8021
8764
9285
9403
9885
15
1635
1687
2186
2230
2608
2613
3366
3567
3709
4557
5275
5701
6036
6284
6539
7852
8611
9192
9331
15
1133
1635
1687
2230
2577
2608
2613
3168
4367
4905
5701
6036
6157
6196
6539
6644
7067
7852
8207
15
840
1546
1635
1687
2230
2608
2613
4209
5226
5499
5701
5956
6036
6539
7432
7852
8210
8964
9055
15
693
1635
1687
2230
2329
2608
2613
3515
3586
3626
3675
3682
4083
5701
6036
6539
7247
7807
7852
15
283
1635
1687
2230
2608
2613
3119
3503
3546
3778
4958
5307
5701
6036
6167
6539
7318
7852
8245
15
1578
1635
1687
2078
2193
2230
2608
2613
4318
5584
5701
6036
6539
7321
7852
8047
8539
8573
9256
15
625
1635
1687
2230
2417
2608
2613
3175
3307
4799
4889
4921
5701
6036
6539
7045
7852
9154
9228
15
162
1635
1687
2181
2230
2608
2613
3322
4269
4330
4649
5401
5701
6036
6450
6539
7852
9107
9933
15
96
260
1635
1687
1943
2230
2608
2613
2841
3270
4306
4472
5701
6036
6539
7279
7852
8244
9310
15
1243
1635
1687
1778
2230
2608
2613
3520
3629
4041
5701
6036
6251
6411
6513
6539
7302
7567
7852
15
1517
1635
1687
2230
2608
2613
3371
3396
4061
4513
5603
5701
6036
6437
6539
7344
7398
7852
8444
15
680
1166
1635
1687
2230
2232
2268
2608
2613
4894
5701
5832
6036
6141
6173
6539
7073
7852
8052
15
669
905
1373
1635
1687
2230
2608
2613
4052
5182
5701
6036
6071
6237
6539
7852
8348
9462
9479
15
791
1635
1687
2230
2608
2613
3460
3998
4429
4650
4970
5701
6036
6319
6539
7852
8900
9690
9730
15
18
1635
1687
1899
2230
2608
2613
3156
3203
3972
5389
5701
5985
6036
6539
7600
7681
7852
8607
15
187
1635
1687
1826
2181
2230
2608
2611
2613
4092
4728
5701
5721
6036
6539
6866
7852
8624
9207
15
429
1635
1687
1739
2076
2230
2608
2613
2915
5701
6036
6088
6539
6932
7607
7852
9393
9803
9820
15
549
1362
1635
1687
2230
2608
2613
3879
4155
5701
6036
6514
6539
7176
7305
7852
7969
8867
9232
15
412
1635
1687
1701
2230
2233
2608
2613
4197
4878
5701
5767
6036
6539
7174
7554
7852
9604
9669
15
333
885
1635
1687
1898
1942
2073
2230
2398
2608
2613
4372
5465
5701
6036
6539
6661
7010
7852
15
614
1635
1681
1687
1972
2230
2608
2613
2889
4098
4473
5539
5701
6036
6539
7258
7852
7931
9137
15
1410
1635
1687
2230
2608
2613
5108
5652
5701
5848
6036
6197
6404
6537
6539
6618
7655
7852
9182
15
232
1635
1687
2230
2608
2613
3471
3790
3836
5569
5701
5843
5944
6036
6526
6539
7113
7852
9730
15
71
1635
1645
1687
2230
2608
2613
3346
3395
4283
4941
5701
6036
6539
7303
7852
7882
8772
9238
1
15
1635
1687
2230
2608
2613
3529
3863
3869
4019
5701
6036
6207
6270
6539
6865
6991
7852
9056
15
695
1016
1635
1687
1720
2230
2608
2613
3167
3760
4232
5701
5870
6036
6411
6539
7852
8673
9947
15
1635
1687
2230
2608
2613
2949
2956
5061
5433
5701
5988
6036
6241
6539
6582
7852
8060
8160
9692
15
447
1443
1635
1687
1717
2230
2608
2613
3227
4157
5701
6036
6539
6561
6773
7555
7852
9108
9264
15
183
1453
1635
1687
2109
2230
2608
2613
3017
5075
5701
5946
6036
6169
6479
6539
7533
7852
8367
15
729
1635
1687
1960
2230
2230
2608
2613
5701
5856
6036
6316
6539
6967
7852
7970
8361
9505
9890
15
178
1107
1635
1687
2230
2608
2613
4675
5006
5301
5701
5803
6036
6539
7038
7412
7852
8620
9662
15
1635
1687
2222
2230
2608
2613
3222
3615
3889
4650
5701
5848
6036
6539
6773
7848
7852
8173
8563
15
699
1635
1687
2230
2486
2560
2578
2608
2613
3939
5701
6036
6539
7087
7781
7852
8040
8368
8914
15
995
1351
1542
1635
1687
2230
2608
2613
4587
5268
5539
5592
5701
5789
6036
6539
7852
8689
8724
15
740
1559
1635
1687
1802
2230
2300
2322
2608
2613
3372
5637
5701
6036
6145
6539
7545
7852
8747
15
176
596
596
919
1635
1687
2230
2608
2613
4211
4695
5701
6036
6539
6540
6614
7092
7852
9471
15
106
696
1458
1635
1687
2230
2608
2613
4286
4746
5701
5834
5867
6036
6539
7852
7992
8785
9784
15
182
471
1635
1687
1947
2230
2608
2613
3101
3692
3805
3833
4193
5701
6036
6539
7852
8029
9483
15
485
914
1635
1687
2230
2236
2608
2613
3149
3647
3688
4825
5701
5973
6036
6352
6539
7852
9305
15
1408
1635
1687
2230
2608
2613
2748
5156
5701
5829
6036
6539
7527
7545
7852
8685
8852
8987
9950
15
583
1635
1687
2230
2299
2608
2613
3328
3852
4460
5701
6036
6539
7049
7493
7656
7852
8006
8999
15
313
313
783
1635
1687
1882
1989
2121
2230
2608
2613
4242
5040
5701
6036
6539
6698
7772
7852
15
980
1635
1687
2230
2608
2613
3465
3512
4295
4907
5136
5701
6036
6539
7852
8975
9115
9660
9901
15
150
535
1635
1687
2230
2608
2613
2747
4435
4469
4736
5073
5701
6036
6539
7554
7561
7852
9009
15
580
1184
1635
1687
1920
2230
2447
2608
2613
2921
4834
5701
6011
6036
6539
7786
7852
8379
8407
10
15
108
974
1280
1635
1687
2021
2230
2608
2613
2867
4254
5701
6036
6539
7022
7852
9028
9304
5
15
98
1488
1635
1687
1854
1948
2230
2608
2613
3508
5518
5701
6036
6539
6796
6823
7852
8175
15
1438
1635
1681
1687
2230
2608
2613
2750
2946
4039
4625
5701
6036
6539
7852
8729
8903
9740
9966
15
522
1635
1687
1790
2230
2608
2613
4736
5017
5534
5701
6031
6036
6306
6539
7073
7852
7895
9746
15
1635
1687
2230
2598
2608
2613
2687
3550
4102
4223
4248
4381
5076
5701
6036
6539
7852
8436
8809
15
431
1416
1635
1687
2230
2608
2613
2742
3992
4510
5701
5733
6036
6539
6983
7852
8522
9483
9840
15
1316
1635
1687
1694
2140
2230
2608
2613
3298
3339
4357
5701
6036
6539
7426
7852
7855
8171
8775
15
118
726
1635
1687
2230
2608
2613
2697
2709
3355
3369
5701
6036
6054
6539
7852
8288
9621
9940
15
1635
1687
2230
2608
2613
3158
3755
4666
5141
5701
6036
6539
6709
7252
7852
8247
9012
9155
9730
15
703
1360
1635
1687
2230
2608
2613
2857
2969
4735
5160
5701
5899
6036
6453
6539
7212
7852
9019
15
515
1635
1687
2230
2608
2613
2807
4158
4414
4500
5701
6036
6079
6539
7500
7852
8631
9059
9367
15
858
1635
1687
2201
2230
2608
2613
4242
4340
4900
5107
5701
6036
6539
6966
7154
7368
7852
9176
15
489
1136
1635
1687
2017
2230
2608
2613
3279
4727
4796
5228
5701
6036
6443
6539
7852
8212
9974
15
405
934
1524
1635
1687
1806
2230
2608
2613
3177
4167
5701
6036
6539
7288
7577
7852
7864
9703
15
1635
1687
2230
2608
2613
2660
2820
3145
3772
3796
3850
4232
5701
6036
6418
6539
6591
6800
7852
15
1635
1687
2230
2608
2613
3070
3294
4033
4590
5701
6036
6477
6539
6586
6837
7852
7975
9357
9861
15
1635
1687
1703
2098
2230
2608
2613
2959
3107
5531
5701
6036
6539
7508
7798
7852
8108
9153
9313
15
676
1635
1687
2230
2608
2613
3694
5078
5098
5701
6036
6539
7852
8388
8652
8667
8980
9461
9947
15
29
1635
1687
1858
2230
2608
2613
3843
5239
5701
5834
6036
6539
7652
7852
8361
8433
8452
9840
15
441
804
1635
1687
2230
2608
2613
3906
4110
4372
5614
5701
6036
6052
6524
6539
6667
7852
8550
15
345
779
1561
1635
1687
2230
2608
2613
2687
4127
4492
5701
6036
6519
6539
6823
7050
7852
9924
15
1326
1635
1682
1687
2230
2608
2613
3818
3860
5459
5701
6036
6491
6539
7852
8122
9456
9673
9753
15
542
1635
1687
2230
2608
2613
3159
5558
5701
6036
6169
6186
6518
6539
6797
7017
7852
9677
9876
15
1359
1635
1687
2230
2331
2608
2613
4247
4745
5317
5540
5701
6036
6539
7655
7852
8441
9133
9562
15
1635
1687
1695
2114
2230
2608
2613
2736
3446
3852
4091
5466
5701
5761
6036
6129
6539
7852
9096
15
1635
1687
2230
2608
2613
2689
2917
3083
4307
5701
5706
6036
6539
7441
7605
7829
7852
9267
9674
15
647
650
1635
1687
2230
2286
2332
2608
2613
3499
3941
4799
5324
5701
6036
6539
7602
7852
8314
15
866
1034
1099
1213
1635
1687
2024
2230
2264
2608
2613
3645
4089
5701
6036
6539
7852
8884
9064
